Benchmark_data/Basin_HUC5070101/input/demcon_huc5070101.txt
ncols         960
nrows         614
xllcorner     399646.697198
yllcorner     4140957.492452
cellsize      90
NODATA_value  -9999
[rows 240 to 279 of 614, columns 180 to 269 of 960]
539 549 578 603 631 640 612 603 594 577 546 469 438 420 433 477 494 497 486 441 369 365 388 410 458 477 493 519 593 607 592 558 524 465 451 440 442 426 433 429 424 401 369 362 357 346 338 349 360 384 400 380 380 378 359 306 283 276 274 294 313 326 337 348 387 411 441 475 551 588 610 622 606 560 526 493 454 384 359 334 333 334 293 267 233 225 231 260 294 325
587 591 617 619 622 628 575 559 555 546 520 455 430 445 471 518 525 510 477 390 365 371 392 408 438 455 474 513 594 605 578 542 506 464 469 486 481 476 485 490 471 445 392 392 378 363 338 333 331 343 363 360 349 340 319 274 274 276 274 294 319 337 367 387 415 434 464 498 574 612 643 655 631 550 519 483 443 382 365 367 365 348 310 289 244 225 228 254 290 322
606 624 628 624 609 596 544 525 518 509 489 449 458 482 511 544 536 508 467 384 365 380 413 438 469 486 505 529 586 597 564 529 492 499 524 537 535 519 530 527 500 466 441 433 422 401 373 347 326 313 330 330 324 308 319 274 274 274 286 286 309 345 376 406 461 474 490 522 579 606 634 643 627 563 531 497 466 414 405 406 390 370 342 309 255 228 226 249 276 301
615 639 624 602 578 555 522 502 491 485 466 473 497 527 547 557 534 497 452 378 365 387 428 467 493 501 517 539 592 586 558 516 501 537 570 581 574 564 559 552 524 498 485 475 459 448 407 377 345 310 294 330 324 308 287 279 287 301 319 317 304 324 365 406 477 495 510 537 560 573 589 612 616 583 562 535 506 451 444 432 421 399 358 318 266 231 223 245 259 272
613 641 619 583 561 552 529 519 509 500 497 517 547 554 553 531 512 483 439 370 365 398 428 451 468 480 499 528 581 588 564 529 515 559 591 611 613 579 574 556 539 533 526 510 488 471 415 389 345 310 294 302 295 283 274 312 324 342 361 351 319 315 347 387 459 483 501 529 529 526 548 567 582 576 572 563 539 493 482 470 454 403 366 319 269 233 226 241 271 297
628 645 625 598 587 588 574 565 554 544 544 556 560 562 545 492 475 455 415 367 374 396 417 426 448 461 475 506 578 593 584 550 534 564 594 624 624 571 545 526 518 510 505 497 479 471 415 389 358 319 293 280 276 274 292 346 364 374 394 383 343 320 333 370 424 452 477 499 487 492 513 533 537 548 561 559 555 541 525 505 476 409 367 319 270 235 223 248 287 320
634 650 639 616 606 601 585 582 579 576 575 565 555 538 506 458 435 413 385 367 379 394 406 421 464 486 503 513 573 604 603 574 553 574 598 619 619 550 516 481 462 459 456 497 479 458 403 379 351 316 283 284 288 304 327 384 400 410 422 411 373 334 325 345 395 419 445 459 451 459 479 493 495 506 522 541 552 555 536 504 474 395 358 320 273 234 223 244 287 330
614 652 638 612 587 563 548 553 563 575 575 554 529 493 472 429 404 378 367 394 393 392 403 426 486 514 540 552 584 613 619 597 579 597 605 610 599 528 501 472 462 459 456 451 440 417 365 340 310 293 290 303 319 336 364 425 441 448 454 434 396 363 327 329 356 379 401 411 410 423 441 449 466 483 499 514 531 539 518 485 449 379 347 310 270 234 223 236 274 313
594 638 623 588 553 526 500 508 516 533 545 530 497 466 443 397 374 372 387 435 435 414 403 429 494 527 558 575 602 630 639 618 599 608 606 596 576 528 501 472 439 413 421 411 395 379 326 305 299 304 298 302 328 358 388 460 482 494 493 447 402 369 361 359 356 360 377 382 392 401 416 430 473 495 509 518 531 537 507 461 427 360 330 298 266 234 224 230 256 286
589 639 617 571 543 526 487 470 476 492 523 512 475 447 420 374 382 403 431 473 466 437 416 460 487 509 531 556 601 632 645 635 615 603 606 596 576 510 483 461 441 392 383 381 363 340 306 307 324 345 313 300 322 356 395 460 491 518 517 447 407 396 400 416 397 388 391 404 427 426 435 449 506 537 551 553 553 539 502 465 432 368 338 309 280 245 223 229 251 274
585 628 614 597 577 548 496 472 455 461 490 482 453 422 395 395 421 449 477 502 488 457 431 449 472 488 505 523 587 612 625 635 615 603 587 560 538 487 460 443 430 374 360 346 328 313 313 342 362 369 316 301 320 353 387 448 492 518 527 460 428 427 452 463 438 413 413 437 476 467 459 469 526 561 588 601 581 538 500 466 439 390 359 325 290 254 224 224 250 289
578 619 616 603 581 562 524 489 457 438 449 443 416 394 397 427 450 479 505 538 518 482 454 442 462 483 502 529 571 612 625 620 614 600 563 525 498 459 436 416 394 352 323 321 319 326 362 364 368 366 309 301 320 344 407 442 477 516 531 486 467 476 497 502 469 435 431 453 517 516 505 491 534 570 609 621 594 525 489 455 429 385 363 335 298 257 224 228 248 288
586 616 603 580 558 546 525 512 476 439 416 404 387 381 420 443 466 494 523 557 545 513 479 453 476 506 502 529 571 583 582 576 580 561 538 499 466 433 412 385 371 323 328 340 355 376 389 373 358 333 303 313 317 339 399 435 467 500 525 521 511 511 532 531 497 468 452 465 536 549 547 543 552 581 611 620 589 510 472 432 402 355 340 318 286 256 224 228 252 278
615 618 596 559 527 511 520 508 483 449 400 386 384 401 437 459 483 511 539 577 566 533 505 453 476 506 538 537 547 539 526 528 530 524 504 473 443 396 383 359 338 350 372 393 406 400 384 356 335 322 329 341 337 331 378 411 446 484 520 541 542 549 565 562 531 503 485 487 550 578 593 592 584 601 607 604 571 504 468 429 400 341 314 291 269 229 224 230 258 297
620 622 588 548 514 478 482 484 468 436 386 391 404 406 448 466 494 524 555 603 566 533 505 466 496 536 550 545 508 493 485 487 486 480 466 443 417 369 349 338 346 398 423 444 436 395 356 330 322 329 378 393 380 358 362 391 425 465 498 534 546 561 573 577 569 547 526 519 561 601 625 635 615 607 607 583 551 487 460 439 405 338 310 286 260 225 224 235 268 310
594 600 576 551 516 462 450 446 436 412 397 418 417 415 439 459 488 519 555 603 587 554 515 485 509 542 553 537 480 466 448 450 449 440 428 404 359 351 354 369 389 442 459 459 444 369 333 322 333 367 432 437 418 392 359 374 404 436 462 494 513 529 544 577 584 587 575 564 587 612 627 631 607 591 575 554 494 460 447 432 410 338 308 274 249 224 226 244 277 318
563 564 553 543 524 476 448 426 409 392 441 445 449 444 445 459 488 519 549 600 596 567 532 498 520 555 554 535 507 481 456 422 415 406 389 370 365 379 401 415 435 478 473 460 425 349 322 332 365 399 463 470 455 432 380 373 386 404 421 456 468 485 506 561 592 607 616 616 620 616 610 597 552 537 526 520 482 435 417 414 400 334 301 271 248 224 228 250 286 327
524 522 526 534 523 481 446 412 392 404 470 476 449 444 445 453 468 494 525 599 607 586 550 513 524 558 567 540 519 491 453 418 389 380 376 378 401 414 444 466 487 495 477 441 406 346 323 345 378 412 473 492 491 472 418 396 382 386 400 432 447 466 486 550 584 620 646 655 637 618 593 554 503 488 477 476 468 425 388 389 385 334 297 264 240 224 232 257 297 341
491 484 486 493 498 468 430 397 403 404 470 476 469 474 487 469 467 480 512 597 616 603 579 536 536 560 577 538 506 473 441 408 382 390 411 430 428 436 468 497 527 511 475 432 404 359 327 332 367 402 468 494 498 496 454 431 417 412 409 430 459 488 510 553 590 632 662 675 645 604 562 521 461 442 432 437 442 413 369 361 369 333 294 256 235 226 235 267 310 350
485 462 459 457 455 437 409 397 403 433 494 498 489 498 526 516 490 484 548 587 611 618 615 564 558 569 572 514 482 450 421 389 411 441 465 477 466 466 488 525 553 516 477 446 418 363 347 331 344 376 438 469 495 512 488 466 461 452 421 443 467 498 525 577 611 638 658 663 635 598 550 516 443 419 397 387 403 386 358 339 349 321 280 246 227 228 245 279 318 350
511 485 464 449 455 437 409 404 426 467 516 519 519 518 560 551 531 514 548 575 607 627 632 600 581 575 570 495 465 435 404 393 442 472 499 515 497 498 518 555 565 512 477 450 416 370 362 352 336 351 412 443 480 510 512 512 504 492 458 451 473 495 533 603 630 640 639 633 619 602 570 529 455 421 391 367 356 355 336 316 316 294 260 231 224 234 257 290 321 340
554 485 464 449 435 420 405 415 449 512 534 544 543 546 582 581 565 555 556 577 603 631 647 623 601 585 563 486 456 423 409 422 474 491 520 534 536 533 551 560 562 496 464 427 402 396 400 389 366 356 390 424 454 490 533 550 550 538 501 487 494 513 543 606 616 615 597 590 605 609 594 556 474 437 404 373 335 323 311 289 286 264 237 228 224 243 263 291 311 316
554 513 490 471 462 429 407 423 447 505 532 551 568 579 611 621 618 604 599 613 630 639 642 628 611 582 544 484 449 418 422 449 520 535 547 562 570 575 581 576 559 477 446 426 419 436 442 435 401 349 374 409 441 478 534 560 573 556 530 525 522 540 568 604 596 573 548 551 585 604 602 573 490 454 421 393 340 318 302 292 281 249 229 228 224 248 264 283 294 316
569 543 518 503 495 443 414 426 452 496 532 565 593 610 626 631 624 616 621 637 652 645 630 595 578 558 531 478 443 418 430 468 544 566 584 601 620 618 603 588 511 471 451 454 464 479 477 462 428 365 363 400 433 461 512 545 552 540 525 531 545 558 581 587 562 531 511 519 553 589 595 591 509 471 439 413 359 335 326 330 305 240 228 227 226 250 263 275 289 337
596 571 556 542 524 449 422 425 453 511 536 564 585 599 606 601 591 586 608 635 646 640 604 555 551 544 516 459 429 419 437 468 536 568 591 616 664 654 623 588 516 491 492 508 513 510 501 481 447 373 367 385 418 441 493 524 530 510 503 522 542 553 573 557 526 497 476 493 531 568 596 592 522 487 457 429 375 374 374 362 274 230 227 226 230 253 271 292 314 352
591 584 569 549 524 453 424 427 460 522 536 551 558 557 562 553 547 549 603 620 630 617 582 522 514 505 486 439 426 423 442 503 526 553 586 623 654 639 614 585 548 533 529 521 515 497 487 471 450 385 368 379 400 415 493 510 511 486 465 482 497 517 547 533 497 468 445 474 513 548 572 578 533 511 478 446 416 409 394 372 271 229 226 226 229 252 273 302 323 346
565 560 550 523 499 439 424 426 446 494 507 512 516 515 513 514 523 542 596 614 603 584 559 506 491 474 455 437 442 441 447 503 533 566 598 629 625 601 587 572 555 548 532 516 488 454 449 442 431 377 368 388 413 443 487 497 486 458 440 448 468 494 524 508 475 443 425 461 497 533 541 526 517 507 499 480 457 433 406 370 275 235 226 226 226 244 263 282 301 310
534 530 511 491 474 433 424 430 434 458 467 479 482 482 492 509 528 547 599 603 584 556 514 490 473 465 464 489 479 467 457 519 554 590 626 640 602 568 542 526 518 511 501 482 459 421 408 403 394 368 376 411 447 474 474 473 450 426 419 439 460 473 492 474 446 422 403 445 484 517 524 480 480 490 492 484 469 450 419 377 292 253 231 226 226 232 241 253 259 253
524 515 502 486 474 437 430 436 454 453 455 459 465 471 518 544 558 570 599 597 571 539 504 493 487 492 512 515 500 473 467 529 566 598 628 637 584 551 519 498 472 473 464 447 427 383 382 380 377 380 395 431 471 491 468 437 422 408 398 414 429 437 452 440 423 401 380 434 477 503 504 440 429 442 449 445 442 436 426 394 314 276 248 231 226 226 228 253 259 253
543 534 523 515 495 436 435 454 483 496 490 487 489 513 544 574 599 617 614 595 557 535 520 519 518 530 534 517 494 473 490 538 568 602 612 609 554 530 518 497 449 439 433 414 396 389 399 405 405 387 401 440 480 500 462 446 436 429 391 390 388 392 407 408 397 379 363 431 462 480 478 423 403 400 406 404 405 416 419 401 335 303 273 246 226 226 228 231 231 227
578 571 555 531 503 435 437 477 511 539 539 534 518 531 557 586 615 642 634 597 564 545 563 550 540 541 543 513 501 509 495 539 571 597 603 583 521 506 497 484 433 421 408 398 392 424 444 456 445 396 401 436 478 490 477 478 476 456 409 388 377 374 368 367 365 354 355 405 427 439 452 424 388 372 380 378 371 383 399 393 343 303 273 246 229 226 226 226 226 226
589 575 559 526 448 435 450 493 528 570 575 576 567 552 568 596 629 658 646 614 587 586 591 576 559 554 543 531 546 538 528 548 576 597 596 567 497 478 461 451 417 403 398 400 409 454 486 497 478 410 400 429 475 505 515 517 498 470 423 410 402 389 369 356 343 332 335 365 377 393 404 398 381 356 353 365 338 348 399 393 343 313 288 257 239 229 230 231 229 243
577 553 527 501 439 435 465 496 522 557 576 592 602 597 608 630 642 655 649 633 631 630 617 602 576 561 550 568 580 571 554 563 582 588 581 549 482 454 434 425 418 423 414 410 454 480 506 518 495 421 405 427 467 527 549 539 519 488 448 436 430 426 394 376 357 336 320 321 331 345 355 363 355 343 333 365 338 348 363 366 332 303 279 253 229 241 257 259 253 274
568 531 508 487 435 438 462 489 502 534 574 606 624 639 636 638 641 644 636 644 647 656 651 627 602 581 574 596 602 594 577 566 573 569 550 524 461 435 429 436 458 437 422 429 489 503 523 526 502 430 411 429 463 536 572 570 549 526 477 470 468 452 407 385 362 343 344 314 304 308 310 315 322 343 333 349 328 323 329 329 296 268 242 229 256 288 299 291 278 301
572 547 527 498 437 441 466 487 504 559 589 623 647 645 632 620 605 598 629 642 654 669 674 656 628 609 605 613 611 599 580 553 544 529 509 461 443 445 467 488 482 448 433 447 520 536 539 532 509 443 425 430 463 541 579 587 586 559 509 494 478 461 401 383 369 373 374 350 322 300 310 315 322 313 312 320 318 305 298 294 254 240 235 247 302 330 338 322 296 315
591 567 543 509 446 442 467 498 531 567 595 627 647 619 597 574 570 586 628 645 659 678 686 666 652 644 634 618 595 572 557 519 505 496 483 455 456 486 517 526 491 451 443 464 537 562 563 549 521 462 436 435 459 528 569 596 605 587 537 516 487 453 414 410 408 400 403 350 322 300 295 280 276 279 282 291 288 282 276 261 237 237 255 270 324 360 361 344 316 321
609 579 548 519 456 446 470 509 541 562 584 615 625 591 562 550 552 572 611 636 661 684 690 681 670 656 617 588 562 543 524 502 495 486 479 465 486 515 543 538 480 453 452 474 542 574 585 567 535 476 446 435 454 525 563 601 616 616 564 535 501 476 454 460 408 400 403 373 336 330 325 304 282 268 264 255 261 256 252 244 247 273 279 282 331 369 378 366 338 328
619 584 554 528 468 448 463 495 519 544 575 605 611 562 541 529 545 570 599 628 661 683 690 685 669 647 588 563 551 538 532 532 516 499 491 499 504 529 553 545 477 469 473 485 539 577 599 582 546 481 462 456 461 521 559 595 630 635 585 551 530 476 454 460 443 428 411 382 352 356 368 339 317 304 295 263 245 245 245 246 283 304 315 315 323 363 383 387 361 343
605 581 567 547 483 456 454 480 499 545 571 593 590 543 523 520 538 587 606 626 650 673 684 677 663 635 582 576 572 570 574 556 528 511 516 534 530 546 555 540 495 503 507 505 541 580 603 588 544 501 494 489 480 518 553 584 616 627 585 551 530 513 508 501 481 452 422 385 378 390 396 362 351 348 321 268 245 246 251 268 310 325 338 339 328 356 392 397 377 360
581 574 563 549 498 465 454 466 514 543 559 570 562 523 512 517 544 585 599 612 630 643 651 661 659 640 616 621 618 614 601 562 538 534 548 566 569 566 565 549 524 541 544 540 557 591 606 596 565 535 531 527 507 513 545 584 616 626 611 589 572 558 545 533 504 479 431 402 402 417 419 395 386 361 327 253 246 258 281 311 351 356 363 362 347 361 390 403 397 374
