Benchmark_data/Basin_HUC5070101/input/demcon_huc5070101.txt
ncols         960
nrows         614
xllcorner     399646.697198
yllcorner     4140957.492452
cellsize      90
NODATA_value  -9999
[rows 360 to 399 of 614, columns 270 to 359 of 960]
317 353 385 393 374 349 333 316 306 306 306 313 334 354 375 393 409 432 432 429 415 375 363 361 373 380 406 431 464 487 476 449 419 390 373 358 362 369 388 429 444 465 494 511 476 443 424 430 433 421 394 365 342 314 324 334 339 384 410 442 472 506 503 480 477 481 422 389 357 325 304 329 351 358 353 347 356 364 379 393 402 418 440 466 523 543 552 545 517 518
301 334 366 395 386 377 373 359 336 333 334 341 362 380 401 428 445 474 477 456 438 409 409 395 386 388 397 412 440 459 483 461 432 397 377 347 339 346 359 391 406 434 468 492 467 434 403 390 414 412 401 388 368 318 314 320 340 384 410 442 478 493 471 451 455 462 422 389 354 329 303 318 335 334 335 363 381 399 407 414 425 437 466 496 543 539 534 522 500 496
284 315 345 376 382 386 384 369 348 343 342 348 374 387 404 422 441 476 483 482 469 448 445 434 427 416 403 405 418 451 492 477 438 406 387 364 347 333 341 366 391 415 437 459 451 428 400 377 381 395 401 399 388 340 314 320 340 394 424 454 479 485 439 421 430 449 429 398 374 349 301 306 323 334 346 391 413 432 440 436 444 473 492 519 549 535 517 493 474 470
268 288 310 335 346 356 355 349 325 318 322 326 351 367 380 388 403 455 484 493 491 479 476 471 465 460 444 434 434 454 496 485 456 434 426 397 369 342 326 353 376 395 410 422 417 405 383 364 346 365 401 399 388 340 316 314 335 394 419 449 463 435 407 393 409 441 444 416 392 368 319 300 317 336 359 406 429 456 480 478 480 503 528 538 521 511 496 477 452 444
271 270 281 298 308 318 321 312 310 310 315 319 327 336 347 364 378 436 463 489 494 509 505 506 504 501 492 482 477 476 506 497 473 449 436 401 375 346 323 338 356 368 378 384 376 359 346 364 346 365 385 395 389 357 324 312 327 387 414 438 445 403 381 377 396 426 438 422 402 382 330 300 316 337 360 411 432 459 493 516 523 522 536 550 505 479 470 461 429 441
310 301 295 290 290 292 293 294 314 334 350 356 344 336 336 342 358 412 437 462 492 520 522 522 523 515 508 505 505 505 513 503 476 450 426 384 365 348 328 309 321 337 345 345 376 359 346 330 319 325 356 373 386 367 335 312 318 374 402 419 424 376 359 362 391 415 425 419 404 382 314 300 322 341 366 413 434 461 492 538 542 533 528 534 509 476 453 432 420 443
312 325 335 326 317 313 304 293 321 342 367 377 389 380 363 350 352 388 413 446 479 516 523 526 522 508 483 486 490 498 508 500 479 447 395 370 362 349 341 313 302 337 345 345 338 311 303 300 298 298 312 347 377 364 338 311 317 372 399 409 399 352 339 361 384 399 398 387 365 347 295 304 322 346 374 434 461 478 492 537 537 520 506 515 507 488 459 428 414 435
291 320 342 360 356 349 339 319 308 327 350 371 405 412 405 390 375 377 397 426 461 508 520 522 519 473 447 441 452 461 493 493 484 470 417 400 385 379 341 313 302 302 314 315 303 298 303 300 300 297 296 309 347 342 321 309 321 376 390 394 376 331 333 356 373 380 358 350 315 294 291 303 318 336 363 444 469 479 493 526 526 503 481 493 505 501 470 439 395 417
255 289 327 374 384 384 368 348 306 313 331 355 413 427 435 436 398 389 394 421 450 504 516 512 503 465 433 417 415 423 466 482 483 481 461 400 385 379 368 341 326 307 298 298 298 298 296 296 296 295 290 293 316 309 304 313 335 366 373 369 355 318 326 340 347 346 319 297 292 290 292 299 306 315 335 424 442 461 483 514 502 480 461 469 510 507 483 451 390 398
250 253 297 371 393 407 398 357 331 311 319 345 392 418 440 445 441 429 423 430 455 500 505 497 478 449 429 398 383 394 429 448 483 481 461 437 426 415 402 371 359 332 306 298 298 298 296 290 290 290 290 290 301 302 307 329 324 334 328 322 317 302 304 311 314 310 294 290 290 290 294 296 301 305 311 398 430 453 483 498 474 453 437 452 503 505 487 457 395 384
251 250 269 359 399 423 430 383 354 332 314 331 368 387 408 427 447 449 453 463 476 499 492 474 449 423 414 394 372 394 429 448 471 485 499 481 470 452 436 401 380 345 305 298 303 303 296 290 296 295 290 294 290 295 307 312 314 290 290 290 290 290 290 290 290 290 290 290 290 290 303 295 297 299 308 384 422 455 473 462 443 425 423 451 497 506 495 464 400 377
252 250 260 354 398 439 454 391 364 344 337 328 343 353 370 391 421 440 464 484 505 506 490 457 429 423 414 394 372 366 401 421 445 478 513 489 474 462 454 422 391 349 303 298 303 301 296 290 290 290 290 290 290 290 290 290 290 290 291 295 294 296 293 297 295 298 298 307 320 325 290 294 294 294 314 380 418 441 456 427 410 407 424 483 493 496 481 456 400 375
252 250 267 355 398 441 456 397 374 360 362 361 341 344 351 365 406 432 462 498 515 510 490 457 429 395 393 382 367 359 383 404 427 456 499 483 455 435 438 418 393 348 307 298 303 300 291 290 310 298 298 298 290 290 295 290 290 290 293 300 309 300 303 303 300 306 335 354 360 364 307 290 290 293 332 354 382 399 410 390 385 402 432 482 485 480 461 444 393 371
250 253 273 358 403 443 457 409 392 397 406 406 388 380 375 376 400 432 469 498 515 510 478 446 417 376 366 365 358 347 368 387 408 435 488 472 440 415 399 401 386 350 312 299 303 300 293 290 332 303 303 303 298 296 297 298 295 305 310 318 324 337 326 326 335 366 378 388 392 383 319 294 290 294 315 318 323 340 354 360 376 401 444 474 465 454 446 429 375 363
252 261 300 378 416 454 468 432 427 438 439 435 430 427 427 419 400 432 469 499 517 504 471 436 405 364 354 347 338 336 355 371 392 415 465 453 441 424 398 375 372 349 316 302 303 300 293 290 335 319 303 303 303 301 298 299 325 338 339 331 339 367 378 380 378 397 416 423 421 399 327 292 290 290 299 302 301 302 320 347 372 401 438 455 433 421 414 402 359 353
260 293 331 394 428 465 486 461 450 444 440 427 430 427 427 419 419 438 473 501 517 499 470 436 402 380 376 363 347 331 337 354 374 394 425 438 436 434 413 368 359 348 333 302 303 301 295 324 343 349 319 303 303 301 308 328 357 372 372 363 349 382 400 417 422 417 430 442 435 408 346 304 290 290 291 292 294 294 295 333 356 394 428 440 414 390 379 363 350 358
301 334 358 398 424 453 472 461 443 422 440 427 430 436 449 460 459 467 486 508 511 493 473 458 441 418 406 387 363 346 321 334 353 371 399 411 432 437 402 371 350 345 331 302 302 298 291 315 355 361 358 354 339 346 363 376 395 402 404 391 369 375 405 427 444 442 439 440 431 402 351 332 307 303 303 305 305 304 300 318 339 370 401 414 390 364 347 348 377 389
340 361 372 384 401 415 426 461 443 422 403 390 404 430 460 485 490 488 492 506 506 477 473 467 466 449 428 400 374 349 330 318 331 350 374 387 412 432 402 375 350 338 342 333 300 298 290 303 334 360 364 367 374 388 405 427 433 434 430 417 394 374 395 424 454 472 459 444 426 403 359 334 329 339 346 344 344 326 307 302 324 346 369 374 356 342 349 364 408 426
345 358 358 353 401 415 426 414 399 384 368 366 401 435 467 481 483 474 472 476 463 448 446 462 476 474 443 412 389 368 350 324 312 327 353 369 389 401 381 359 343 328 334 337 314 290 297 297 305 322 335 350 383 398 426 449 474 475 462 438 413 385 401 426 459 475 461 441 416 394 349 338 353 374 375 372 374 368 340 302 308 326 343 341 341 345 367 392 432 450
320 358 358 353 370 385 389 384 371 356 350 380 409 440 457 462 436 427 427 435 431 420 420 432 459 474 463 434 408 379 355 340 319 306 341 353 362 364 343 338 335 318 312 311 290 290 300 298 297 300 324 349 392 416 444 471 508 512 497 464 428 397 413 441 467 469 445 422 403 382 343 341 365 383 384 394 407 402 380 310 304 312 321 348 356 373 392 417 448 455
320 314 309 323 341 351 357 356 345 339 347 385 411 434 435 422 396 391 394 399 395 388 392 419 447 484 479 455 429 384 364 347 329 306 329 335 335 338 344 341 328 318 289 290 294 290 301 300 297 311 330 343 398 428 460 486 532 532 517 479 441 413 433 462 474 449 423 403 380 359 341 348 366 384 404 419 431 429 400 332 310 304 308 352 375 402 416 418 436 433
276 272 267 279 300 310 328 331 325 332 352 390 400 411 403 390 369 366 369 372 366 373 391 412 441 481 477 451 427 390 375 363 342 308 320 335 340 335 329 322 306 287 295 301 301 303 300 303 306 326 347 351 390 425 450 477 530 541 532 496 456 437 456 468 470 430 406 383 364 356 362 355 362 386 419 439 444 430 401 345 330 311 307 347 375 413 427 399 383 376
263 263 263 263 263 272 295 309 309 333 355 387 385 379 373 363 347 343 349 350 367 383 397 418 448 465 452 428 411 390 381 366 342 312 313 325 327 311 305 287 287 287 291 304 307 309 309 309 308 349 373 369 378 402 428 455 520 544 541 507 474 465 474 472 463 409 388 370 370 385 389 375 363 382 431 451 454 433 371 362 353 330 314 330 355 381 392 351 328 316
280 276 263 263 263 263 265 286 301 332 350 366 364 358 348 338 335 341 342 351 381 398 417 437 459 455 424 402 386 372 367 358 339 309 293 300 282 280 287 296 295 287 299 306 308 310 310 311 349 378 400 395 376 389 413 439 507 539 538 522 507 495 489 476 446 394 377 379 392 418 412 390 374 381 435 456 457 430 395 395 380 348 322 325 352 361 356 316 316 320
326 323 292 269 263 263 263 270 287 313 330 345 344 336 329 332 352 356 363 363 392 416 434 451 462 443 410 384 366 350 344 336 321 300 270 267 267 267 312 307 304 303 293 304 308 311 315 362 388 412 423 413 390 389 398 427 488 518 532 539 529 520 501 471 439 388 389 399 414 440 428 404 383 390 435 458 460 431 419 414 387 350 318 322 352 361 344 316 327 340
349 361 352 325 291 268 263 263 265 282 302 318 323 317 323 344 376 385 388 390 399 408 423 433 440 425 403 379 360 338 326 305 294 272 267 267 267 284 324 330 326 321 328 338 342 350 360 407 435 447 437 409 410 406 407 420 475 503 523 532 530 522 505 471 437 398 404 417 440 456 440 409 393 395 440 464 465 438 427 414 379 336 313 327 347 349 327 321 337 354
342 362 376 369 346 315 279 263 263 263 271 299 296 305 323 347 384 391 397 394 398 401 397 395 400 405 395 380 366 341 316 293 267 267 267 276 293 317 358 365 374 377 385 390 400 408 422 457 479 483 471 437 435 433 427 440 485 500 510 512 501 507 497 470 440 412 424 445 467 478 452 418 400 410 454 475 473 455 432 402 358 313 313 330 343 342 318 326 342 368
314 340 386 392 386 363 334 271 265 263 263 270 275 288 306 331 363 375 382 380 374 375 371 368 369 383 384 380 372 334 306 267 267 268 281 311 332 348 382 391 397 399 409 411 418 427 443 490 514 516 505 475 465 456 455 468 479 489 485 475 475 484 480 459 442 435 452 475 489 498 465 430 415 423 474 499 496 473 433 386 340 313 313 328 337 327 316 333 351 374
298 317 377 395 395 387 378 324 290 272 266 263 263 265 271 285 327 342 353 355 356 355 348 345 356 365 367 367 363 322 276 267 267 267 296 323 340 347 371 377 376 380 393 398 403 422 456 506 522 535 529 512 501 494 480 476 467 452 443 436 448 461 458 462 467 466 473 476 485 496 478 449 430 437 493 510 504 482 419 377 327 313 313 320 323 316 313 339 356 376
293 300 355 373 386 395 391 366 338 314 285 266 263 263 263 267 283 306 315 324 333 332 330 334 349 348 348 348 345 295 267 267 267 267 285 301 309 314 332 337 352 364 388 409 431 450 463 498 509 519 521 526 519 505 488 475 436 422 413 413 428 441 457 482 501 483 475 471 463 492 489 468 452 457 499 504 489 461 403 364 333 313 313 313 313 313 313 344 356 376
310 293 331 347 363 384 403 390 369 348 331 291 275 267 265 263 263 269 286 295 309 312 314 319 334 336 338 335 328 273 267 267 267 267 276 282 278 278 305 319 351 383 417 427 439 445 457 463 470 485 505 522 505 488 469 449 410 399 399 399 427 443 469 490 515 489 464 447 446 493 499 487 484 490 503 498 468 439 390 359 341 328 313 313 313 313 313 344 365 391
313 300 306 322 342 361 395 396 393 383 373 342 327 309 286 266 263 263 268 279 292 293 295 300 314 319 323 320 310 267 267 271 267 267 268 273 277 282 286 317 359 392 422 426 423 416 414 421 444 467 481 484 466 449 432 414 398 409 417 423 445 470 482 481 495 477 448 429 433 486 499 493 495 507 515 496 462 429 387 376 370 328 313 313 313 313 319 339 369 398
305 312 314 313 316 337 377 390 389 388 389 379 364 347 329 283 267 263 265 269 279 282 285 290 302 305 307 304 295 267 271 273 272 267 272 284 304 312 282 301 346 375 391 389 386 378 380 409 431 454 463 451 441 426 407 393 412 429 445 452 474 486 493 481 467 450 429 416 421 460 466 469 479 500 522 504 475 445 387 376 370 359 337 317 324 335 343 331 351 396
310 331 351 331 318 316 348 357 366 379 396 400 385 372 369 334 290 267 263 265 273 277 281 284 290 292 291 289 280 267 271 276 281 292 306 330 341 337 289 295 325 348 355 358 359 362 365 394 416 432 436 424 415 405 392 388 432 456 471 480 472 474 470 451 434 415 408 399 400 427 431 441 464 490 531 504 475 445 399 398 400 396 373 368 372 377 375 337 341 378
321 332 373 366 345 323 321 342 353 373 395 408 409 407 400 367 338 292 269 263 269 272 275 277 283 284 283 276 269 267 273 290 320 346 358 370 372 362 296 295 316 329 347 352 352 352 354 374 389 401 402 395 393 387 387 403 454 468 470 470 444 431 424 412 392 392 392 392 395 407 423 441 464 519 531 514 484 454 411 417 426 435 432 421 412 403 388 343 337 358
323 335 388 391 379 355 325 326 344 362 381 417 432 441 427 393 363 333 291 267 268 269 269 270 276 273 269 267 267 268 277 313 348 391 396 397 394 375 295 297 317 338 370 375 377 370 360 356 365 371 376 380 384 388 404 443 463 466 456 432 397 391 387 378 388 395 401 415 395 407 423 431 452 510 525 516 483 450 426 431 447 464 467 449 429 408 390 352 337 347
323 339 407 416 404 380 342 333 328 350 372 426 454 449 430 387 367 338 318 283 267 267 267 267 267 267 267 267 267 271 300 330 361 412 410 401 388 372 305 295 306 338 385 402 404 399 387 379 375 386 391 400 407 416 430 451 456 451 427 398 370 373 373 381 418 395 401 415 427 417 421 438 457 508 523 522 491 457 450 460 464 484 483 460 435 423 407 364 348 337
326 352 419 434 421 398 354 332 328 346 369 425 454 445 422 366 347 336 315 291 270 267 267 267 267 267 267 267 267 296 328 353 375 417 412 394 376 344 323 299 295 312 387 411 425 435 417 411 417 419 424 426 430 431 435 446 440 421 395 373 374 383 373 381 418 426 432 449 463 445 444 455 477 512 531 528 506 491 494 506 511 511 493 469 447 435 418 374 366 351
332 365 431 441 431 406 346 330 328 342 365 416 440 439 413 358 337 320 303 298 307 293 279 274 267 267 267 267 307 344 362 381 395 423 415 393 380 365 341 312 295 298 380 411 430 438 429 436 442 441 435 426 422 425 419 411 401 387 395 373 374 383 398 413 456 466 469 481 494 479 475 490 512 537 539 538 521 513 521 533 533 539 494 472 451 430 414 388 378 355
348 380 436 439 422 398 336 328 341 344 373 398 423 427 411 359 334 312 304 341 354 347 339 315 301 309 315 324 366 393 408 418 426 425 412 402 395 363 339 308 296 301 371 395 409 415 419 430 432 427 413 395 388 384 382 411 401 387 371 365 397 422 439 452 485 495 508 518 528 512 506 518 526 540 538 524 509 501 510 521 534 544 492 462 441 430 425 391 369 351
