Benchmark_data/Basin_HUC5070101/input/demcon_huc5070101.txt
ncols         960
nrows         614
xllcorner     399646.697198
yllcorner     4140957.492452
cellsize      90
NODATA_value  -9999
[rows 520 to 559 of 614, columns 630 to 719 of 960]
583 587 603 615 624 631 620 601 574 564 608 625 635 644 642 639 629 622 614 597 590 586 591 592 619 637 651 665 663 666 661 666 675 689 692 688 677 647 641 632 629 626 622 617 608 608 620 624 616 605 599 629 645 650 643 611 626 650 671 679 684 684 692 691 671 663 667 666 665 620 580 545 524 524 524 535 534 529 530 533 538 538 538 538 541 539 545 557 562 569
589 583 604 618 614 618 598 574 560 577 629 644 649 658 660 664 665 660 652 628 607 593 586 586 619 636 649 653 645 645 654 667 678 691 692 688 678 653 641 638 639 642 624 617 615 614 604 603 600 593 593 597 608 614 614 599 617 645 664 671 670 682 693 694 679 679 671 658 643 585 554 529 525 530 545 561 568 571 568 573 574 568 543 538 538 538 538 561 576 590
582 577 602 609 601 583 567 559 565 597 630 642 643 650 658 673 682 687 676 642 619 606 606 599 603 615 628 630 630 642 656 670 679 692 692 691 686 671 664 661 663 663 639 629 634 641 619 606 600 605 612 590 588 588 587 581 594 617 630 637 658 677 690 689 678 677 670 646 616 556 538 529 537 571 580 597 610 618 617 621 621 614 571 554 538 538 538 561 584 610
569 568 582 581 568 559 559 559 580 597 622 632 642 654 662 680 696 697 686 656 637 629 628 627 598 601 607 611 625 640 654 669 678 682 687 689 692 686 685 677 672 668 653 657 660 664 640 622 608 623 634 629 612 600 593 573 573 578 594 607 647 670 689 686 656 645 641 616 586 540 533 544 561 611 631 647 658 660 658 666 661 637 585 556 538 538 538 552 581 611
545 551 558 558 558 562 559 559 569 587 620 636 647 659 678 682 697 698 696 668 651 650 655 636 621 612 612 615 620 628 643 653 660 664 672 679 687 692 694 692 684 680 674 667 664 664 641 626 614 634 650 661 651 640 631 600 577 572 564 580 631 659 672 673 638 620 602 583 557 536 550 564 579 641 666 679 686 684 683 677 670 638 579 554 548 547 547 543 567 588
542 555 562 566 578 596 582 565 561 573 616 635 648 657 671 677 690 698 706 667 665 674 672 654 641 630 629 636 637 631 -9999 -9999 644 651 662 674 680 693 699 698 687 686 672 664 655 648 627 623 637 644 656 681 675 664 660 636 617 593 572 558 605 628 640 639 612 587 567 546 536 561 575 584 595 645 669 680 686 690 683 672 651 620 572 566 565 569 559 544 563 574
570 598 602 612 622 624 607 593 585 576 604 623 637 643 652 665 680 694 702 674 681 689 689 670 652 640 645 -9999 -9999 -9999 -9999 -9999 -9999 653 664 673 679 690 698 698 686 668 658 650 637 633 635 651 664 667 670 686 678 662 656 640 622 601 578 558 571 587 593 592 570 551 536 536 544 596 611 618 617 647 662 673 683 694 683 659 633 610 582 581 591 579 555 548 551 561
592 637 647 654 657 646 626 613 611 601 587 604 616 625 644 653 667 683 698 699 690 -9999 -9999 -9999 -9999 -9999 -9999 -9999 -9999 -9999 -9999 -9999 -9999 -9999 675 675 676 692 694 687 673 653 641 638 639 642 665 678 685 681 668 665 659 640 629 613 598 584 573 565 558 558 558 563 543 536 536 546 566 627 649 656 655 653 663 672 684 693 671 650 633 626 616 615 605 586 549 540 545 538
602 642 656 666 674 661 641 639 640 633 598 591 601 613 628 -9999 -9999 -9999 -9999 -9999 -9999 -9999 -9999 -9999 -9999 -9999 -9999 -9999 -9999 -9999 -9999 -9999 -9999 -9999 692 689 685 696 693 679 659 641 644 653 667 675 684 686 683 674 648 635 627 620 611 596 591 591 590 589 576 572 564 557 549 542 539 551 573 636 665 675 680 678 678 682 689 693 668 655 659 665 655 644 623 587 551 538 538 540
617 638 654 668 677 678 659 656 661 654 621 -9999 -9999 -9999 -9999 -9999 -9999 -9999 -9999 -9999 -9999 -9999 -9999 -9999 -9999 -9999 -9999 -9999 -9999 -9999 -9999 -9999 -9999 -9999 -9999 707 703 707 698 678 658 646 656 677 693 692 687 682 666 651 627 627 628 625 623 618 623 630 633 628 624 615 602 597 573 563 553 546 595 635 664 681 689 697 695 697 699 698 676 682 689 694 680 664 628 589 559 540 551 567
648 660 665 678 690 690 673 -9999 -9999 -9999 -9999 -9999 -9999 -9999 -9999 -9999 -9999 -9999 -9999 -9999 -9999 -9999 -9999 -9999 -9999 -9999 -9999 -9999 -9999 -9999 -9999 -9999 -9999 -9999 -9999 714 713 724 707 689 671 654 666 688 703 699 672 659 650 635 640 645 653 661 653 651 658 667 668 659 656 656 653 642 609 590 572 554 591 628 660 682 693 707 710 712 706 703 696 698 699 694 678 654 622 589 559 567 582 602
679 693 697 -9999 -9999 -9999 -9999 -9999 -9999 -9999 -9999 -9999 -9999 -9999 -9999 -9999 -9999 -9999 -9999 -9999 -9999 -9999 -9999 -9999 -9999 -9999 -9999 -9999 -9999 -9999 -9999 -9999 -9999 -9999 -9999 709 714 728 719 707 694 663 676 694 700 695 666 656 640 648 666 671 676 679 672 671 674 679 680 679 682 686 682 671 629 608 576 556 594 631 662 684 696 713 720 726 721 712 710 704 695 682 643 626 605 579 567 596 619 637
-9999 -9999 -9999 -9999 -9999 -9999 -9999 -9999 -9999 -9999 -9999 -9999 -9999 -9999 -9999 -9999 -9999 -9999 -9999 -9999 -9999 -9999 -9999 -9999 -9999 -9999 -9999 -9999 -9999 -9999 -9999 -9999 -9999 -9999 -9999 -9999 711 728 729 722 708 684 689 693 695 683 663 648 644 663 684 688 691 689 682 681 687 694 693 695 691 695 690 680 639 603 568 556 604 636 663 687 701 718 722 727 721 718 717 705 690 662 624 608 591 573 598 596 619 637
-9999 -9999 -9999 -9999 -9999 -9999 -9999 -9999 -9999 -9999 -9999 -9999 -9999 -9999 -9999 -9999 -9999 -9999 -9999 -9999 -9999 -9999 -9999 -9999 -9999 -9999 -9999 -9999 -9999 -9999 -9999 -9999 -9999 -9999 -9999 -9999 705 726 733 733 720 698 695 692 685 673 652 644 654 670 693 702 705 704 697 692 700 702 701 701 696 686 677 668 615 585 558 556 604 636 662 684 700 717 715 711 709 718 715 701 681 662 624 608 591 573 598 623 650 672
-9999 -9999 -9999 -9999 -9999 -9999 -9999 -9999 -9999 -9999 -9999 -9999 -9999 -9999 -9999 -9999 -9999 -9999 -9999 -9999 -9999 -9999 -9999 -9999 -9999 -9999 -9999 -9999 -9999 -9999 -9999 -9999 -9999 -9999 -9999 -9999 699 722 726 731 718 703 695 684 668 655 646 653 665 678 694 699 705 709 706 709 707 704 698 698 692 668 652 634 584 561 556 556 588 621 649 676 695 704 715 711 709 718 715 701 681 664 640 617 596 577 611 637 664 689
-9999 -9999 -9999 -9999 -9999 -9999 -9999 -9999 -9999 -9999 -9999 -9999 -9999 -9999 -9999 -9999 -9999 -9999 -9999 -9999 -9999 -9999 -9999 -9999 -9999 -9999 -9999 -9999 -9999 -9999 -9999 -9999 -9999 -9999 -9999 -9999 711 720 719 712 706 696 688 671 662 664 666 668 679 690 691 688 695 708 714 714 709 699 688 683 678 654 625 602 566 566 579 573 588 621 649 676 695 704 698 694 702 714 708 698 688 683 657 628 597 590 623 647 670 695
-9999 -9999 -9999 -9999 -9999 -9999 -9999 -9999 -9999 -9999 -9999 -9999 -9999 -9999 -9999 -9999 -9999 -9999 -9999 -9999 -9999 -9999 -9999 -9999 -9999 -9999 -9999 -9999 -9999 -9999 -9999 -9999 -9999 -9999 -9999 -9999 716 713 701 694 692 689 688 689 689 691 693 692 689 691 681 675 688 700 714 709 695 684 676 657 646 625 625 602 566 566 579 573 573 597 629 664 687 683 672 676 691 710 708 706 706 708 666 627 604 600 646 659 677 695
-9999 -9999 -9999 -9999 -9999 -9999 -9999 -9999 -9999 -9999 -9999 -9999 -9999 -9999 -9999 -9999 -9999 -9999 -9999 -9999 -9999 -9999 -9999 -9999 -9999 -9999 -9999 -9999 -9999 -9999 -9999 -9999 -9999 -9999 -9999 -9999 -9999 688 681 671 675 695 703 709 717 714 704 698 694 687 671 671 687 698 705 697 695 684 676 657 646 625 594 571 579 605 620 615 571 580 613 646 660 645 648 664 686 715 719 720 721 720 669 630 610 609 668 688 692 700
-9999 -9999 -9999 -9999 -9999 -9999 -9999 -9999 -9999 -9999 -9999 -9999 -9999 -9999 -9999 -9999 -9999 -9999 -9999 -9999 -9999 -9999 -9999 -9999 -9999 -9999 -9999 -9999 -9999 -9999 -9999 -9999 -9999 -9999 -9999 -9999 -9999 663 658 669 683 705 716 727 730 722 696 683 674 663 664 671 687 698 705 697 683 670 651 628 609 588 575 577 623 642 652 645 585 577 592 617 625 630 645 668 690 719 725 726 728 728 680 640 619 617 676 701 708 713
-9999 -9999 -9999 -9999 -9999 -9999 -9999 -9999 -9999 -9999 -9999 -9999 -9999 -9999 -9999 -9999 -9999 -9999 -9999 -9999 -9999 -9999 -9999 -9999 -9999 -9999 -9999 -9999 -9999 -9999 -9999 -9999 -9999 -9999 -9999 -9999 -9999 650 666 683 699 727 729 732 732 722 696 683 674 663 664 677 693 700 700 696 689 669 644 604 583 580 587 607 657 674 677 665 602 584 577 588 595 621 649 674 687 711 717 726 729 730 691 655 628 623 674 701 717 723
-9999 -9999 -9999 -9999 -9999 -9999 -9999 -9999 -9999 -9999 -9999 -9999 -9999 -9999 -9999 -9999 -9999 -9999 -9999 -9999 -9999 -9999 -9999 -9999 -9999 -9999 -9999 -9999 -9999 -9999 -9999 -9999 -9999 -9999 -9999 -9999 -9999 662 671 683 699 727 729 732 732 719 679 668 659 648 662 680 689 692 691 686 678 660 634 583 583 596 623 642 680 695 696 677 615 596 577 577 577 607 634 656 665 697 710 719 727 733 710 676 638 626 662 695 722 734
-9999 -9999 -9999 -9999 -9999 -9999 -9999 -9999 -9999 -9999 -9999 -9999 -9999 -9999 -9999 -9999 -9999 -9999 -9999 -9999 -9999 -9999 -9999 -9999 -9999 -9999 -9999 -9999 -9999 -9999 -9999 -9999 -9999 -9999 -9999 -9999 -9999 -9999 671 687 705 737 733 729 724 708 683 674 658 640 650 661 667 663 662 658 641 625 608 584 607 638 663 680 698 697 695 681 618 589 590 597 593 597 602 616 637 679 698 713 729 735 720 687 650 630 653 689 720 740
-9999 -9999 -9999 -9999 -9999 -9999 -9999 -9999 -9999 -9999 -9999 -9999 -9999 -9999 -9999 -9999 -9999 -9999 -9999 -9999 -9999 -9999 -9999 -9999 -9999 -9999 -9999 -9999 -9999 -9999 -9999 -9999 -9999 -9999 -9999 -9999 -9999 -9999 675 687 706 729 725 716 704 692 680 672 652 634 632 631 633 629 622 614 604 598 590 609 627 658 682 697 700 695 680 666 605 595 604 626 632 602 600 600 608 659 688 711 726 733 722 691 657 634 646 672 710 737
-9999 -9999 -9999 -9999 -9999 -9999 -9999 -9999 -9999 -9999 -9999 -9999 -9999 -9999 -9999 -9999 -9999 -9999 -9999 -9999 -9999 -9999 -9999 -9999 -9999 -9999 -9999 -9999 -9999 -9999 -9999 -9999 -9999 -9999 -9999 -9999 -9999 -9999 697 710 716 719 711 695 682 676 667 653 643 643 639 634 625 620 611 598 598 606 614 629 650 670 691 699 690 672 658 644 597 599 625 645 657 644 623 606 603 646 675 698 711 715 712 694 666 656 648 663 700 726
-9999 -9999 -9999 -9999 -9999 -9999 -9999 -9999 -9999 -9999 -9999 -9999 -9999 -9999 -9999 -9999 -9999 -9999 -9999 -9999 -9999 -9999 -9999 -9999 -9999 -9999 -9999 -9999 -9999 -9999 -9999 -9999 -9999 -9999 -9999 -9999 -9999 -9999 733 737 740 713 695 681 675 673 659 658 666 671 672 662 656 644 623 605 624 646 661 668 673 684 699 697 676 658 645 631 605 616 639 656 672 680 668 642 618 625 650 669 678 694 710 700 689 679 654 660 683 719
-9999 -9999 -9999 -9999 -9999 -9999 -9999 -9999 -9999 -9999 -9999 -9999 -9999 -9999 -9999 -9999 -9999 -9999 -9999 -9999 -9999 -9999 -9999 -9999 -9999 -9999 -9999 -9999 -9999 -9999 -9999 -9999 -9999 -9999 -9999 -9999 -9999 -9999 -9999 746 743 702 684 681 684 686 676 681 684 689 692 684 678 659 625 621 650 676 694 704 701 704 707 703 675 666 659 641 614 633 662 680 684 701 700 681 646 613 632 649 668 688 717 719 720 709 676 663 676 705
-9999 -9999 -9999 -9999 -9999 -9999 -9999 -9999 -9999 -9999 -9999 -9999 -9999 -9999 -9999 -9999 -9999 -9999 -9999 -9999 -9999 -9999 -9999 -9999 -9999 -9999 -9999 -9999 -9999 -9999 -9999 -9999 -9999 -9999 -9999 -9999 -9999 -9999 -9999 743 725 689 682 690 697 689 688 695 697 700 701 689 677 649 618 631 662 689 707 719 718 720 718 711 694 693 678 653 623 639 674 698 710 718 718 700 670 620 625 644 665 688 726 736 740 738 706 680 672 684
-9999 -9999 -9999 -9999 -9999 -9999 -9999 -9999 -9999 -9999 -9999 -9999 -9999 -9999 -9999 -9999 -9999 -9999 -9999 -9999 -9999 -9999 -9999 -9999 -9999 -9999 -9999 -9999 -9999 -9999 -9999 -9999 -9999 -9999 -9999 -9999 -9999 -9999 -9999 728 713 683 692 708 712 701 703 707 712 713 704 686 667 638 618 627 656 688 706 718 725 729 725 718 702 692 676 644 626 648 675 704 719 731 727 714 679 631 643 654 670 693 731 744 751 752 729 709 684 675
-9999 -9999 -9999 -9999 -9999 -9999 -9999 -9999 -9999 -9999 -9999 -9999 -9999 -9999 -9999 -9999 -9999 -9999 -9999 -9999 -9999 -9999 -9999 -9999 -9999 -9999 -9999 -9999 -9999 -9999 -9999 -9999 -9999 -9999 -9999 -9999 -9999 -9999 -9999 722 706 694 712 729 735 726 719 715 717 717 697 676 653 631 619 624 645 677 697 719 725 726 723 715 692 671 649 633 640 656 679 703 724 737 732 717 686 642 659 679 699 710 734 746 754 758 747 733 709 686
-9999 -9999 -9999 -9999 -9999 -9999 -9999 -9999 -9999 -9999 -9999 -9999 -9999 -9999 -9999 -9999 -9999 -9999 -9999 -9999 -9999 -9999 -9999 -9999 -9999 -9999 -9999 -9999 -9999 -9999 -9999 -9999 -9999 -9999 -9999 -9999 -9999 -9999 -9999 -9999 709 717 729 740 745 733 725 714 704 698 682 661 644 641 633 624 640 671 700 718 725 724 720 693 673 649 640 637 642 659 683 703 721 736 737 723 684 648 674 702 723 738 745 747 754 760 762 749 732 706
-9999 -9999 -9999 -9999 -9999 -9999 -9999 -9999 -9999 -9999 -9999 -9999 -9999 -9999 -9999 -9999 -9999 -9999 -9999 -9999 -9999 -9999 -9999 -9999 -9999 -9999 -9999 -9999 -9999 -9999 -9999 -9999 -9999 -9999 -9999 -9999 -9999 -9999 -9999 -9999 724 736 742 745 741 717 708 699 689 681 667 655 657 672 645 626 639 669 696 717 723 724 721 696 671 662 667 677 660 659 681 704 735 741 742 727 689 657 683 718 737 748 757 758 756 762 762 757 742 725
-9999 -9999 -9999 -9999 -9999 -9999 -9999 -9999 -9999 -9999 -9999 -9999 -9999 -9999 -9999 -9999 -9999 -9999 -9999 -9999 -9999 -9999 -9999 -9999 -9999 -9999 -9999 -9999 -9999 -9999 -9999 -9999 -9999 -9999 -9999 -9999 -9999 -9999 -9999 -9999 -9999 739 746 749 739 706 699 694 688 677 664 673 687 691 654 628 641 668 689 715 723 725 724 707 683 677 691 706 687 672 682 706 738 745 745 731 694 662 688 719 739 751 762 762 764 765 763 758 752 743
-9999 -9999 -9999 -9999 -9999 -9999 -9999 -9999 -9999 -9999 -9999 -9999 -9999 -9999 -9999 -9999 -9999 -9999 -9999 -9999 -9999 -9999 -9999 -9999 -9999 -9999 -9999 -9999 -9999 -9999 -9999 -9999 -9999 -9999 -9999 -9999 -9999 -9999 -9999 -9999 -9999 -9999 -9999 750 740 710 704 699 689 683 683 695 703 708 657 635 638 668 693 720 727 731 734 713 691 690 708 725 713 691 685 704 737 746 748 735 701 667 683 708 730 754 759 765 768 769 767 768 766 757
-9999 -9999 -9999 -9999 -9999 -9999 -9999 -9999 -9999 -9999 -9999 -9999 -9999 -9999 -9999 -9999 -9999 -9999 -9999 -9999 -9999 -9999 -9999 -9999 -9999 -9999 -9999 -9999 -9999 -9999 -9999 -9999 -9999 -9999 -9999 -9999 -9999 -9999 -9999 -9999 -9999 -9999 -9999 -9999 -9999 708 701 693 690 686 696 702 709 711 670 635 635 659 686 719 727 732 736 709 700 703 720 732 728 709 694 700 734 745 748 735 699 675 685 699 717 749 756 765 770 773 773 773 773 772
-9999 -9999 -9999 -9999 -9999 -9999 -9999 -9999 -9999 -9999 -9999 -9999 -9999 -9999 -9999 -9999 -9999 -9999 -9999 -9999 -9999 -9999 -9999 -9999 -9999 -9999 -9999 -9999 -9999 -9999 -9999 -9999 -9999 -9999 -9999 -9999 -9999 -9999 -9999 -9999 -9999 -9999 -9999 -9999 -9999 -9999 695 695 695 700 707 707 705 705 675 646 635 648 666 706 718 725 733 710 705 714 729 739 731 711 705 702 732 745 748 734 700 687 708 724 737 761 765 769 772 776 776 776 776 775
-9999 -9999 -9999 -9999 -9999 -9999 -9999 -9999 -9999 -9999 -9999 -9999 -9999 -9999 -9999 -9999 -9999 -9999 -9999 -9999 -9999 -9999 -9999 -9999 -9999 -9999 -9999 -9999 -9999 -9999 -9999 -9999 -9999 -9999 -9999 -9999 -9999 -9999 -9999 -9999 -9999 -9999 -9999 -9999 -9999 -9999 -9999 702 704 703 708 706 701 689 665 644 635 649 663 690 706 719 728 723 715 721 735 742 731 720 718 719 734 746 748 737 707 698 726 747 755 768 771 772 773 777 779 779 777 -9999
-9999 -9999 -9999 -9999 -9999 -9999 -9999 -9999 -9999 -9999 -9999 -9999 -9999 -9999 -9999 -9999 -9999 -9999 -9999 -9999 -9999 -9999 -9999 -9999 -9999 -9999 -9999 -9999 -9999 -9999 -9999 -9999 -9999 -9999 -9999 -9999 -9999 -9999 -9999 -9999 -9999 -9999 -9999 -9999 -9999 -9999 -9999 -9999 709 708 703 701 694 682 649 643 637 647 661 681 698 713 726 727 729 730 740 746 737 740 740 741 745 751 754 742 714 698 721 746 756 765 769 770 770 778 -9999 -9999 -9999 -9999
-9999 -9999 -9999 -9999 -9999 -9999 -9999 -9999 -9999 -9999 -9999 -9999 -9999 -9999 -9999 -9999 -9999 -9999 -9999 -9999 -9999 -9999 -9999 -9999 -9999 -9999 -9999 -9999 -9999 -9999 -9999 -9999 -9999 -9999 -9999 -9999 -9999 -9999 -9999 -9999 -9999 -9999 -9999 -9999 -9999 -9999 -9999 -9999 713 710 698 691 683 668 659 662 652 641 657 680 695 707 716 728 731 740 745 751 753 752 752 751 755 757 756 744 722 699 713 729 740 755 758 763 768 -9999 -9999 -9999 -9999 -9999
-9999 -9999 -9999 -9999 -9999 -9999 -9999 -9999 -9999 -9999 -9999 -9999 -9999 -9999 -9999 -9999 -9999 -9999 -9999 -9999 -9999 -9999 -9999 -9999 -9999 -9999 -9999 -9999 -9999 -9999 -9999 -9999 -9999 -9999 -9999 -9999 -9999 -9999 -9999 -9999 -9999 -9999 -9999 -9999 -9999 -9999 -9999 -9999 -9999 711 698 686 672 671 693 691 675 649 642 674 685 700 706 722 737 748 753 754 758 758 759 760 761 759 755 745 730 701 708 722 732 746 753 -9999 -9999 -9999 -9999 -9999 -9999 -9999
-9999 -9999 -9999 -9999 -9999 -9999 -9999 -9999 -9999 -9999 -9999 -9999 -9999 -9999 -9999 -9999 -9999 -9999 -9999 -9999 -9999 -9999 -9999 -9999 -9999 -9999 -9999 -9999 -9999 -9999 -9999 -9999 -9999 -9999 -9999 -9999 -9999 -9999 -9999 -9999 -9999 -9999 -9999 -9999 -9999 -9999 -9999 -9999 -9999 -9999 702 690 689 699 710 707 689 660 642 667 690 707 721 733 -9999 -9999 -9999 -9999 -9999 -9999 -9999 764 764 762 759 750 732 722 737 750 759 -9999 -9999 -9999 -9999 -9999 -9999 -9999 -9999 -9999
