Benchmark_data/Basin_HUC5070101/input/demcon_huc5070101.txt
ncols         960
nrows         614
xllcorner     399646.697198
yllcorner     4140957.492452
cellsize      90
NODATA_value  -9999
[rows 280 to 319 of 614, columns 90 to 179 of 960]
-9999 -9999 -9999 -9999 -9999 -9999 -9999 -9999 -9999 -9999 -9999 -9999 -9999 -9999 -9999 -9999 479 490 540 554 565 580 603 608 565 521 496 540 581 608 609 588 530 503 491 503 567 581 578 556 547 513 514 493 458 389 368 385 420 466 471 454 418 396 449 489 522 553 579 570 550 522 483 407 402 431 465 512 540 576 613 627 621 627 649 660 653 645 631 621 617 618 637 655 663 637 612 596 590 580
-9999 -9999 -9999 -9999 -9999 -9999 -9999 -9999 -9999 -9999 -9999 -9999 -9999 -9999 -9999 -9999 501 483 510 523 536 558 584 606 568 523 499 529 572 610 620 617 555 529 513 523 574 597 598 556 537 525 508 471 438 372 381 411 448 502 496 472 430 407 438 476 509 537 600 594 563 530 497 420 408 422 452 506 539 575 602 605 581 597 624 651 661 653 642 642 643 648 661 656 650 599 576 561 555 533
-9999 -9999 -9999 -9999 -9999 -9999 -9999 -9999 -9999 -9999 -9999 -9999 -9999 -9999 -9999 -9999 -9999 499 507 525 551 564 579 601 573 530 512 520 558 600 630 634 574 554 549 553 574 597 598 583 553 529 489 451 420 378 402 437 473 527 519 479 439 415 441 472 503 535 606 603 575 546 517 443 413 420 444 509 539 570 587 578 545 564 596 613 625 619 618 621 635 651 671 666 640 580 555 546 537 517
-9999 -9999 -9999 -9999 -9999 -9999 -9999 -9999 -9999 -9999 -9999 -9999 -9999 -9999 -9999 -9999 -9999 518 511 539 571 586 590 597 574 560 546 526 553 596 635 628 613 602 549 553 599 609 604 576 533 504 474 437 404 392 423 455 489 541 528 486 443 418 451 485 517 547 613 615 598 572 541 458 429 417 438 505 529 548 553 540 516 538 575 590 575 568 569 575 606 631 654 653 642 587 565 546 537 531
-9999 -9999 -9999 -9999 -9999 -9999 -9999 -9999 -9999 -9999 -9999 -9999 -9999 -9999 -9999 -9999 -9999 534 517 547 579 599 607 604 597 592 584 543 562 599 638 628 613 602 596 596 612 607 592 555 494 475 451 420 392 409 444 476 509 558 532 486 450 428 469 505 540 574 622 628 610 579 546 469 441 423 425 470 492 504 511 499 499 522 552 564 538 531 526 537 571 603 632 652 650 610 580 564 566 573
-9999 -9999 -9999 -9999 -9999 -9999 -9999 -9999 -9999 -9999 -9999 -9999 -9999 -9999 -9999 -9999 -9999 -9999 541 552 575 597 623 629 625 620 603 560 578 599 638 635 623 617 615 617 618 593 564 529 478 457 432 406 388 431 465 496 529 565 537 497 456 440 478 519 554 590 635 622 601 565 537 477 446 432 423 432 442 455 466 473 481 500 522 524 507 503 522 542 585 606 633 655 663 627 604 603 604 600
-9999 -9999 -9999 -9999 -9999 -9999 -9999 -9999 -9999 -9999 -9999 -9999 -9999 -9999 -9999 -9999 -9999 -9999 580 579 579 594 628 638 645 634 603 560 578 611 630 609 588 585 589 596 584 566 548 516 462 440 420 397 397 441 480 518 553 577 548 507 474 446 484 523 560 597 637 623 592 549 496 471 459 454 450 430 430 430 433 455 457 465 476 484 483 507 536 561 590 610 637 661 663 637 623 623 630 630
-9999 -9999 -9999 -9999 -9999 -9999 -9999 -9999 -9999 -9999 -9999 -9999 -9999 -9999 -9999 -9999 -9999 -9999 599 599 601 596 615 634 645 634 612 576 591 608 615 573 548 541 549 557 551 549 533 505 449 427 403 397 410 450 485 524 566 597 569 530 493 456 481 522 561 600 636 623 592 551 493 485 491 501 488 457 459 465 457 453 453 453 453 456 480 501 528 553 575 600 633 647 644 618 609 609 623 649
-9999 -9999 -9999 -9999 -9999 -9999 -9999 -9999 -9999 -9999 -9999 -9999 -9999 -9999 -9999 -9999 -9999 -9999 -9999 607 608 596 615 634 646 643 621 593 593 599 590 543 518 508 513 519 516 523 512 483 435 411 397 412 437 461 484 522 562 604 586 551 516 457 480 519 561 594 631 627 596 553 505 501 524 537 518 490 503 516 505 487 485 470 463 461 463 478 501 514 549 583 607 619 606 576 569 580 616 660
-9999 -9999 -9999 -9999 -9999 -9999 -9999 -9999 -9999 -9999 -9999 -9999 -9999 -9999 -9999 -9999 -9999 -9999 -9999 607 608 608 613 624 643 648 632 599 590 581 564 513 492 482 481 482 494 503 487 459 412 397 414 444 482 482 497 527 563 616 608 575 534 467 472 512 549 578 615 617 606 568 522 536 559 564 540 521 542 557 550 514 502 480 483 488 475 467 477 499 543 572 594 590 575 551 562 587 618 669
-9999 -9999 -9999 -9999 -9999 -9999 -9999 -9999 -9999 -9999 -9999 -9999 -9999 -9999 -9999 -9999 -9999 -9999 -9999 617 612 613 619 623 638 646 632 593 574 554 527 483 464 459 454 452 466 465 452 428 401 412 442 476 522 524 525 541 574 627 619 592 557 492 472 493 522 543 598 614 616 590 558 577 594 591 564 552 571 585 565 517 495 490 510 532 507 488 473 481 531 553 568 558 541 539 565 595 626 651
-9999 -9999 -9999 -9999 -9999 -9999 -9999 -9999 -9999 -9999 -9999 -9999 -9999 -9999 -9999 -9999 -9999 -9999 -9999 -9999 618 618 621 622 629 633 623 584 553 517 494 456 453 442 434 430 432 432 422 407 415 434 456 492 553 562 559 569 595 635 629 608 582 522 496 485 498 526 592 622 627 616 600 608 625 619 596 587 586 578 564 502 500 524 544 563 540 517 496 479 498 515 523 519 520 532 561 588 620 635
-9999 -9999 -9999 -9999 -9999 -9999 -9999 -9999 -9999 -9999 -9999 -9999 -9999 -9999 -9999 -9999 -9999 -9999 -9999 -9999 624 625 625 620 620 620 602 578 542 501 464 474 471 465 462 437 420 414 407 411 443 448 463 492 555 571 589 605 613 644 642 627 607 556 537 514 515 530 600 631 643 639 637 640 645 639 626 602 591 568 541 527 546 562 576 580 552 533 504 492 488 492 497 498 503 521 549 573 603 618
-9999 -9999 -9999 -9999 -9999 -9999 -9999 -9999 -9999 -9999 -9999 -9999 -9999 -9999 -9999 -9999 -9999 -9999 -9999 -9999 628 628 628 630 625 621 598 572 540 514 503 509 503 497 492 470 443 423 407 426 481 487 481 490 549 583 611 624 624 639 640 635 625 598 573 552 545 554 607 638 654 659 663 667 671 670 665 618 583 559 547 568 587 604 603 575 550 520 500 502 515 511 509 516 532 527 536 559 588 605
-9999 -9999 -9999 -9999 -9999 -9999 -9999 -9999 -9999 -9999 -9999 -9999 -9999 -9999 -9999 -9999 -9999 -9999 -9999 -9999 -9999 627 632 635 633 625 601 577 559 548 552 546 534 522 520 499 467 438 414 424 494 506 514 524 562 583 604 612 609 614 625 638 642 627 604 587 577 586 615 643 654 661 674 683 691 694 662 618 592 585 588 602 622 615 605 552 527 505 509 526 555 540 528 540 573 570 561 563 579 584
-9999 -9999 -9999 -9999 -9999 -9999 -9999 -9999 -9999 -9999 -9999 -9999 -9999 -9999 -9999 -9999 -9999 -9999 -9999 -9999 -9999 616 627 636 638 629 603 602 591 586 587 583 566 552 545 515 487 454 424 417 471 497 517 539 571 575 584 578 574 583 604 624 631 634 630 620 613 625 639 645 655 656 683 689 697 698 667 635 628 635 632 640 643 628 595 542 523 521 526 542 586 574 558 559 596 608 600 596 589 564
-9999 -9999 -9999 -9999 -9999 -9999 -9999 -9999 -9999 -9999 -9999 -9999 -9999 -9999 -9999 -9999 -9999 -9999 -9999 -9999 -9999 588 620 633 638 632 620 615 608 611 618 612 593 584 575 538 507 475 443 421 437 466 497 527 545 541 544 542 540 550 570 587 600 634 643 645 644 647 650 657 659 666 686 695 699 699 677 674 680 683 683 673 662 631 592 549 551 546 546 561 603 596 585 591 633 646 646 628 606 560
-9999 -9999 -9999 -9999 -9999 -9999 -9999 -9999 -9999 -9999 -9999 -9999 -9999 -9999 -9999 -9999 -9999 -9999 -9999 -9999 -9999 -9999 611 628 634 631 625 625 626 631 645 631 622 616 607 559 527 495 462 445 420 438 462 483 500 500 504 507 508 516 534 542 571 629 648 655 657 661 662 663 667 673 689 695 700 703 699 696 696 697 698 697 678 637 594 579 587 585 580 589 624 626 628 628 650 667 670 649 615 587
-9999 -9999 -9999 -9999 -9999 -9999 -9999 -9999 -9999 -9999 -9999 -9999 -9999 -9999 -9999 -9999 -9999 -9999 -9999 -9999 -9999 -9999 603 618 625 622 627 633 643 645 645 633 631 637 629 575 540 506 480 449 432 423 429 440 459 463 466 469 484 492 503 532 558 616 635 645 651 655 655 656 664 670 683 689 696 699 698 694 687 686 683 693 684 644 613 615 622 621 618 617 645 648 639 633 639 654 665 658 629 621
-9999 -9999 -9999 -9999 -9999 -9999 -9999 -9999 -9999 -9999 -9999 -9999 -9999 -9999 -9999 -9999 -9999 -9999 -9999 -9999 -9999 -9999 586 600 602 608 625 634 641 642 635 626 631 633 629 581 550 520 500 484 465 444 426 426 434 438 441 448 464 475 497 528 559 592 601 616 631 629 624 635 645 654 672 681 684 682 674 667 661 652 660 694 687 650 636 638 650 647 650 656 646 638 617 602 605 631 652 649 651 658
-9999 -9999 -9999 -9999 -9999 -9999 -9999 -9999 -9999 -9999 -9999 -9999 -9999 -9999 -9999 -9999 -9999 -9999 -9999 -9999 -9999 -9999 -9999 558 573 588 621 625 620 616 606 608 614 621 623 592 570 548 538 525 509 478 456 450 450 447 445 445 451 461 484 520 549 558 567 590 602 589 593 608 628 645 665 674 676 663 636 626 623 632 651 678 674 653 639 640 646 664 678 671 656 628 600 572 570 593 622 649 651 658
-9999 -9999 -9999 -9999 -9999 -9999 -9999 -9999 -9999 -9999 -9999 -9999 -9999 -9999 -9999 -9999 -9999 -9999 -9999 -9999 -9999 -9999 -9999 535 559 586 622 619 603 590 577 582 592 607 611 594 581 569 556 544 529 511 495 496 497 489 480 476 458 453 468 497 519 527 545 566 573 560 570 589 610 632 661 665 662 647 599 594 601 612 644 651 643 628 613 616 644 669 685 680 656 626 604 592 570 593 622 639 665 678
-9999 -9999 -9999 -9999 -9999 -9999 -9999 -9999 -9999 -9999 -9999 -9999 -9999 -9999 -9999 -9999 -9999 -9999 -9999 -9999 -9999 -9999 -9999 -9999 -9999 -9999 -9999 -9999 -9999 -9999 -9999 -9999 575 589 587 571 568 561 546 534 531 532 537 543 544 536 528 524 490 464 456 471 487 500 517 538 536 536 551 570 596 624 654 652 643 622 573 569 581 610 633 616 597 585 569 598 635 667 685 684 666 651 604 592 563 565 583 611 658 668
-9999 -9999 -9999 -9999 -9999 -9999 -9999 -9999 -9999 -9999 -9999 -9999 -9999 -9999 -9999 -9999 -9999 -9999 -9999 -9999 -9999 -9999 -9999 -9999 -9999 -9999 -9999 -9999 -9999 -9999 -9999 -9999 -9999 563 547 530 529 522 509 513 529 540 553 567 585 577 568 562 513 478 458 458 466 476 486 500 505 526 539 562 590 646 639 630 609 588 550 559 579 615 622 586 563 546 538 591 626 664 683 684 666 651 641 627 566 559 562 574 616 624
-9999 -9999 -9999 -9999 -9999 -9999 -9999 -9999 -9999 -9999 -9999 -9999 -9999 -9999 -9999 -9999 -9999 -9999 -9999 -9999 -9999 -9999 -9999 -9999 -9999 -9999 -9999 -9999 -9999 -9999 -9999 -9999 -9999 522 511 497 492 487 491 501 510 522 539 558 596 606 590 573 516 481 463 458 462 482 480 481 490 526 550 567 596 642 627 597 573 549 531 556 589 619 598 562 536 516 536 602 626 664 683 694 686 679 667 648 577 556 558 560 572 579
-9999 -9999 -9999 -9999 -9999 -9999 -9999 -9999 -9999 -9999 -9999 -9999 -9999 -9999 -9999 -9999 -9999 -9999 -9999 -9999 -9999 -9999 -9999 -9999 -9999 -9999 -9999 -9999 -9999 -9999 -9999 -9999 -9999 -9999 479 478 481 491 504 524 520 516 519 533 604 622 603 569 509 479 462 469 508 516 512 502 499 542 567 590 615 635 608 573 549 520 525 565 602 615 573 537 505 510 536 602 633 660 686 698 690 685 674 655 588 561 555 551 556 557
-9999 -9999 -9999 -9999 -9999 -9999 -9999 -9999 -9999 -9999 -9999 -9999 -9999 -9999 -9999 -9999 -9999 -9999 -9999 -9999 -9999 -9999 -9999 -9999 -9999 -9999 -9999 -9999 -9999 -9999 -9999 -9999 -9999 -9999 -9999 476 482 500 524 559 564 557 541 559 597 622 605 565 498 479 473 491 539 546 546 535 524 542 576 607 631 629 590 558 526 499 533 571 606 612 551 537 505 510 547 619 651 670 688 689 673 665 657 647 607 583 563 550 542 541
-9999 -9999 -9999 -9999 -9999 -9999 -9999 -9999 -9999 -9999 -9999 -9999 -9999 -9999 -9999 -9999 -9999 -9999 -9999 -9999 -9999 -9999 -9999 -9999 -9999 -9999 -9999 -9999 -9999 -9999 -9999 -9999 -9999 -9999 -9999 492 483 493 516 561 574 585 586 572 598 616 600 559 496 477 482 510 562 579 583 565 549 557 578 609 641 613 583 548 513 488 527 571 606 612 551 512 493 511 553 632 667 687 692 671 647 628 628 632 625 615 585 557 516 513
-9999 -9999 -9999 -9999 -9999 -9999 -9999 -9999 -9999 -9999 -9999 -9999 -9999 -9999 -9999 -9999 -9999 -9999 -9999 -9999 -9999 -9999 -9999 -9999 -9999 -9999 -9999 -9999 -9999 -9999 -9999 -9999 -9999 -9999 -9999 -9999 508 493 505 534 568 587 602 604 609 612 594 557 495 477 493 524 581 611 620 610 593 577 597 615 630 608 585 547 507 479 527 571 603 600 526 493 492 514 557 634 663 683 687 648 613 593 588 601 633 637 620 575 500 484
-9999 -9999 -9999 -9999 -9999 -9999 -9999 -9999 -9999 -9999 -9999 -9999 -9999 -9999 -9999 -9999 -9999 -9999 -9999 -9999 -9999 -9999 -9999 -9999 -9999 -9999 -9999 -9999 -9999 -9999 -9999 -9999 -9999 -9999 -9999 -9999 -9999 519 525 526 546 581 611 636 627 616 588 553 488 481 502 532 591 627 649 638 618 608 612 608 611 597 582 547 507 479 521 563 587 583 508 481 484 512 553 614 641 662 675 628 593 559 553 598 628 641 630 593 502 465
-9999 -9999 -9999 -9999 -9999 -9999 -9999 -9999 -9999 -9999 -9999 -9999 -9999 -9999 -9999 -9999 -9999 -9999 -9999 -9999 -9999 -9999 -9999 -9999 -9999 -9999 -9999 -9999 -9999 -9999 -9999 -9999 -9999 -9999 -9999 -9999 -9999 554 565 545 548 574 615 648 632 614 580 548 485 491 516 543 602 640 650 634 612 601 602 596 611 597 582 550 505 471 511 552 577 569 494 473 474 504 563 582 612 644 666 617 580 544 523 565 596 617 621 606 514 471
-9999 -9999 -9999 -9999 -9999 -9999 -9999 -9999 -9999 -9999 -9999 -9999 -9999 -9999 -9999 -9999 -9999 -9999 -9999 -9999 -9999 -9999 -9999 -9999 -9999 -9999 -9999 -9999 -9999 -9999 -9999 -9999 -9999 -9999 -9999 -9999 -9999 -9999 602 598 585 596 620 651 635 607 574 537 488 501 533 561 609 644 652 627 593 557 602 596 580 558 554 529 494 472 502 535 554 545 477 459 462 489 535 568 602 632 649 598 572 537 513 535 567 604 619 617 528 477
-9999 -9999 -9999 -9999 -9999 -9999 -9999 -9999 -9999 -9999 -9999 -9999 -9999 -9999 -9999 -9999 -9999 -9999 -9999 -9999 -9999 -9999 -9999 -9999 -9999 -9999 -9999 -9999 -9999 -9999 -9999 -9999 -9999 -9999 -9999 -9999 -9999 -9999 625 625 628 633 641 653 635 603 570 539 492 506 532 560 613 646 658 627 593 557 561 559 543 511 503 494 469 458 481 506 517 510 458 441 459 483 540 574 601 620 627 576 547 514 495 523 558 594 616 612 523 480
-9999 -9999 -9999 -9999 -9999 -9999 -9999 -9999 -9999 -9999 -9999 -9999 -9999 -9999 -9999 -9999 -9999 -9999 -9999 -9999 -9999 -9999 -9999 -9999 -9999 -9999 -9999 -9999 -9999 -9999 -9999 -9999 -9999 -9999 -9999 -9999 -9999 -9999 -9999 629 638 650 658 656 641 610 581 552 501 499 529 553 607 646 658 630 557 526 524 518 504 476 474 462 450 434 444 462 475 473 435 438 472 506 554 572 592 596 588 543 507 481 466 527 568 602 612 604 512 467
-9999 -9999 -9999 -9999 -9999 -9999 -9999 -9999 -9999 -9999 -9999 -9999 -9999 -9999 -9999 -9999 -9999 -9999 -9999 -9999 -9999 -9999 -9999 -9999 -9999 -9999 -9999 -9999 -9999 -9999 -9999 -9999 -9999 -9999 -9999 -9999 -9999 -9999 -9999 -9999 621 640 651 648 635 619 602 548 513 502 529 553 607 645 661 643 571 535 521 511 496 487 482 477 474 446 430 425 427 434 421 448 483 518 552 557 558 554 546 519 486 449 446 530 573 612 616 585 501 463
-9999 -9999 -9999 -9999 -9999 -9999 -9999 -9999 -9999 -9999 -9999 -9999 -9999 -9999 -9999 -9999 -9999 -9999 -9999 -9999 -9999 -9999 -9999 -9999 -9999 -9999 -9999 -9999 -9999 -9999 -9999 -9999 -9999 -9999 -9999 -9999 -9999 -9999 -9999 -9999 593 613 624 621 621 615 603 548 513 502 525 551 606 635 658 646 604 583 557 535 524 526 529 522 514 479 452 427 419 411 422 437 470 495 504 512 521 516 507 486 448 431 449 527 569 608 612 579 495 462
-9999 -9999 -9999 -9999 -9999 -9999 -9999 -9999 -9999 -9999 -9999 -9999 -9999 -9999 -9999 -9999 -9999 -9999 -9999 -9999 -9999 -9999 -9999 -9999 -9999 -9999 -9999 -9999 -9999 -9999 -9999 -9999 -9999 -9999 -9999 -9999 -9999 -9999 -9999 -9999 -9999 585 582 576 577 615 603 562 527 508 520 552 599 620 638 642 634 627 603 576 568 580 581 569 551 512 487 470 442 425 406 416 431 449 466 474 484 481 472 451 427 428 463 531 573 607 612 573 495 463
-9999 -9999 -9999 -9999 -9999 -9999 -9999 -9999 -9999 -9999 -9999 -9999 -9999 -9999 -9999 -9999 -9999 -9999 -9999 -9999 -9999 -9999 -9999 -9999 -9999 -9999 -9999 -9999 -9999 -9999 -9999 -9999 -9999 -9999 -9999 -9999 -9999 -9999 -9999 -9999 -9999 -9999 582 576 577 582 590 571 536 511 518 549 582 590 602 612 640 645 635 612 605 626 632 611 589 556 533 509 487 467 412 400 403 409 428 438 445 441 437 424 416 442 478 549 566 595 597 528 492 463
-9999 -9999 -9999 -9999 -9999 -9999 -9999 -9999 -9999 -9999 -9999 -9999 -9999 -9999 -9999 -9999 -9999 -9999 -9999 -9999 -9999 -9999 -9999 -9999 -9999 -9999 -9999 -9999 -9999 -9999 -9999 -9999 -9999 -9999 -9999 -9999 -9999 -9999 -9999 -9999 -9999 -9999 536 535 540 554 578 568 533 511 514 531 559 569 571 584 642 656 664 655 637 645 644 615 588 560 554 548 533 501 444 418 400 400 400 403 411 416 418 408 422 457 492 535 550 564 572 536 493 466
-9999 -9999 -9999 -9999 -9999 -9999 -9999 -9999 -9999 -9999 -9999 -9999 -9999 -9999 -9999 -9999 -9999 -9999 -9999 -9999 -9999 -9999 -9999 -9999 -9999 -9999 -9999 -9999 -9999 -9999 -9999 -9999 -9999 -9999 -9999 -9999 -9999 -9999 -9999 -9999 -9999 -9999 -9999 503 511 529 550 548 521 511 511 512 537 548 560 583 645 681 690 668 645 622 612 591 568 542 552 559 557 504 480 454 437 423 401 397 392 390 399 408 435 461 491 507 506 525 551 534 505 470
