Benchmark_data/Basin_HUC5070101/input/demvoid_huc5070101.txt
ncols         960
nrows         614
xllcorner     399646.697198
yllcorner     4140957.492452
cellsize      90
NODATA_value  -9999
[rows 200 to 239 of 614, columns 270 to 359 of 960]
429 454 445 427 383 408 424 474 516 568 614 671 663 660 644 612 559 541 552 573 629 608 570 560 570 580 547 535 550 584 561 548 561 566 528 542 568 588 638 650 665 656 608 582 558 559 581 601 601 596 578 574 548 527 507 503 555 584 586 595 550 510 500 492 470 446 441 440 456 522 557 601 617 562 529 506 496 526 614 665 692 694 658 639 626 643 662 653 619 576
432 454 445 427 424 436 472 523 555 596 638 690 678 656 642 649 616 583 601 632 668 658 635 622 629 625 598 600 622 639 633 615 623 626 599 607 630 636 611 592 614 614 564 540 543 553 564 585 594 608 623 625 592 579 553 539 581 619 628 633 593 569 563 551 525 494 483 491 491 499 525 569 614 615 586 554 534 531 601 647 686 717 700 673 660 672 681 622 578 540
432 467 481 476 480 470 491 569 612 635 654 674 649 614 626 655 669 656 655 668 647 645 661 679 688 682 668 665 667 638 649 650 662 659 644 641 638 623 564 546 561 558 518 531 561 587 601 633 642 649 645 666 660 634 601 581 623 628 604 610 615 612 607 597 567 548 539 546 538 531 535 569 610 656 627 598 576 568 614 646 677 711 718 704 696 693 670 588 540 500
418 459 524 529 536 533 542 608 632 628 643 641 597 578 603 641 684 672 665 665 616 632 665 691 699 680 679 679 654 590 599 607 630 636 606 595 587 561 525 508 510 503 525 555 594 624 651 666 680 687 693 710 704 682 667 658 660 629 590 571 574 584 599 625 622 602 599 608 603 596 576 576 612 683 675 651 624 605 657 688 700 707 687 683 689 686 651 563 527 492
440 479 569 595 609 605 613 630 611 588 602 599 554 535 563 602 643 633 638 640 607 642 668 686 681 657 674 664 625 545 539 549 577 592 564 543 533 519 483 467 477 489 549 591 612 621 631 668 687 695 698 709 711 709 706 709 671 625 583 545 525 545 573 602 635 643 647 662 668 643 626 617 628 679 695 695 678 665 695 724 721 692 643 636 648 668 654 562 518 481
481 510 582 599 622 638 652 615 567 535 550 559 517 500 542 576 596 578 589 590 598 642 657 649 639 660 678 654 605 513 496 506 523 556 523 504 478 473 463 485 512 540 589 594 577 571 580 652 650 637 650 667 671 679 687 696 676 642 598 551 484 510 535 556 585 603 622 649 675 694 682 677 683 684 700 715 709 701 733 741 718 674 600 588 598 619 631 566 525 487
531 536 537 554 577 619 642 581 523 501 498 520 489 474 503 533 532 529 540 540 590 617 617 617 643 664 666 630 588 501 470 460 476 507 486 458 432 437 485 521 553 580 579 550 531 518 545 601 589 580 592 605 615 634 647 637 645 628 591 552 473 472 488 499 549 567 596 620 643 680 694 701 713 719 709 704 690 682 715 722 700 648 585 556 557 569 596 567 524 484
537 500 478 518 557 590 598 551 509 467 458 462 449 438 463 476 492 499 510 521 562 570 585 616 660 657 619 591 565 498 464 435 440 457 426 414 416 448 526 555 587 602 550 517 478 482 518 558 534 528 549 553 573 600 589 572 599 597 564 530 455 442 467 494 541 576 606 640 674 695 696 698 706 723 696 662 646 638 673 691 674 625 560 524 514 525 569 561 524 491
510 473 456 500 540 549 529 520 494 461 434 419 437 461 478 493 516 541 564 567 577 589 617 652 631 607 581 549 515 494 461 424 396 400 384 404 441 488 563 593 596 566 507 472 441 445 527 515 491 493 503 513 548 570 549 514 544 564 546 514 436 439 485 529 585 605 621 668 706 730 727 726 715 694 655 624 603 593 634 661 653 608 533 499 482 486 534 546 526 493
470 434 434 477 519 508 481 484 453 426 394 440 474 512 525 538 557 588 624 636 612 625 647 647 583 549 535 515 486 448 436 401 384 378 409 440 462 517 583 595 567 536 471 438 409 424 493 472 451 449 449 502 544 549 512 476 504 514 500 476 416 438 481 521 586 614 648 693 710 724 720 718 717 667 623 597 572 575 597 611 612 595 532 485 449 441 487 519 501 462
446 411 407 451 479 466 438 436 414 373 390 473 514 552 580 611 615 646 671 663 630 620 607 591 551 518 490 475 455 405 387 370 355 418 450 485 513 542 585 551 524 503 453 414 379 401 454 437 413 412 431 512 528 511 481 436 465 473 453 430 400 421 452 482 549 581 623 658 678 694 693 699 702 646 605 567 543 538 565 570 551 555 521 485 434 396 457 494 486 451
414 389 384 410 420 414 387 381 361 377 414 499 533 568 609 667 675 688 675 642 581 567 543 535 543 500 467 428 419 381 354 335 376 452 493 530 551 561 554 524 494 458 440 401 363 376 401 386 383 404 451 494 478 458 447 408 423 420 401 385 420 438 452 465 515 550 585 611 639 679 684 670 662 610 579 541 514 506 531 528 501 509 480 449 426 382 432 494 486 451
373 364 346 353 355 351 337 354 376 402 418 474 511 553 602 675 689 691 654 617 538 518 500 482 502 486 450 406 384 346 325 357 400 479 515 531 527 516 502 475 456 420 407 390 345 350 353 368 395 429 462 448 433 414 399 377 381 363 366 390 458 492 508 509 540 562 587 612 649 668 654 617 596 578 541 511 478 468 502 494 466 455 451 449 426 382 432 458 457 442
332 321 308 316 330 335 367 399 423 448 451 495 527 566 615 631 643 662 636 591 498 469 449 435 468 440 412 386 364 321 342 385 431 503 514 497 474 457 455 437 412 382 364 367 333 315 349 377 398 420 430 392 381 361 358 342 359 380 408 433 479 521 558 570 590 606 601 581 599 624 615 581 550 551 507 473 443 433 461 453 466 455 451 424 391 363 401 410 403 396
302 293 341 359 365 374 414 448 485 503 506 533 565 599 600 570 583 612 599 578 503 467 421 401 422 420 390 360 314 323 364 400 450 476 481 465 422 415 400 398 368 339 328 344 319 306 337 347 366 390 389 342 324 328 317 366 395 422 447 504 532 548 568 570 597 597 560 527 545 581 586 540 517 510 514 489 448 433 461 453 424 422 415 408 386 365 363 357 346 336
283 315 391 414 427 446 467 491 516 541 551 579 586 566 548 519 542 564 557 540 500 469 424 392 385 393 369 332 307 345 392 431 452 423 439 440 406 376 350 357 319 295 288 301 285 288 304 312 334 344 325 298 318 345 370 412 438 454 486 549 561 547 526 514 561 563 528 482 501 536 554 533 479 456 514 489 448 394 420 423 395 386 376 379 373 364 317 298 288 290
321 349 424 460 481 494 514 515 512 518 526 560 547 521 496 471 498 528 521 474 466 452 432 398 342 356 354 314 321 364 395 410 404 369 389 398 376 342 331 305 279 255 250 259 270 275 274 283 289 292 284 329 362 393 414 459 482 509 532 547 523 496 468 462 534 536 504 453 456 499 554 533 479 456 480 486 454 367 384 396 371 355 340 340 339 331 282 276 274 284
352 387 449 467 464 475 500 489 465 459 481 511 510 485 447 431 475 515 516 427 411 407 399 387 333 323 322 309 315 337 346 358 352 328 344 351 336 307 291 267 248 253 264 257 255 255 253 253 261 267 317 333 357 384 413 453 469 493 512 515 474 447 411 436 486 482 481 453 456 499 530 525 473 412 426 449 446 367 350 361 351 326 305 299 302 286 286 302 301 307
386 418 441 427 414 428 440 430 405 410 447 459 470 459 425 405 453 493 506 431 387 364 348 356 323 321 305 292 274 282 299 307 302 289 293 287 292 268 256 243 251 268 297 275 253 252 255 253 256 257 289 302 327 354 384 399 422 445 466 482 440 401 377 415 486 482 481 431 428 464 496 507 465 390 386 400 410 368 326 322 311 278 280 279 284 285 318 339 348 357
410 413 394 370 363 378 387 377 360 377 427 409 432 432 390 388 441 467 466 416 389 360 330 313 298 302 303 293 267 262 270 265 262 256 248 255 250 250 250 257 286 314 336 311 289 275 271 274 267 255 267 276 292 315 332 355 383 394 413 444 412 401 377 415 440 429 444 410 401 437 473 461 451 385 355 362 363 347 312 289 276 282 285 285 297 312 365 382 407 414
364 354 342 327 320 333 341 336 331 356 375 377 401 388 357 383 419 429 415 380 350 329 306 282 262 268 268 264 269 254 248 243 242 248 250 253 248 271 286 310 324 369 375 356 339 327 323 306 283 276 255 254 258 269 281 312 326 394 413 444 412 373 349 381 391 382 401 374 383 423 439 420 393 354 328 322 324 309 281 273 278 289 303 321 343 369 413 432 456 451
304 293 271 280 277 280 298 301 306 332 338 351 372 357 330 378 396 385 369 342 308 276 256 250 240 242 244 244 246 247 246 250 256 278 299 316 323 338 352 368 368 402 414 413 396 388 355 322 319 313 285 268 263 258 281 312 326 347 372 390 372 342 313 331 334 329 345 338 359 391 393 361 318 308 297 289 281 273 277 277 279 309 301 333 375 412 461 478 496 484
242 225 228 235 237 240 263 273 284 298 311 334 342 316 304 346 347 338 335 303 267 236 240 243 240 240 245 244 247 251 256 279 302 317 320 341 359 393 406 427 429 440 463 476 466 434 351 344 363 360 321 268 263 258 258 273 287 302 327 327 307 294 280 279 278 288 301 304 317 328 324 312 274 273 274 272 272 272 282 277 302 345 324 328 371 413 498 533 544 519
221 230 228 228 228 229 236 241 252 263 290 307 304 284 296 303 309 301 302 260 238 245 249 245 285 284 276 276 285 297 315 337 357 357 345 362 384 428 447 473 484 493 516 524 494 438 363 379 363 360 321 315 314 299 272 263 259 267 276 275 268 266 260 264 265 268 272 279 273 272 275 268 265 272 280 282 289 292 308 321 349 395 367 330 363 402 489 526 555 558
238 241 252 264 263 249 230 227 231 234 258 267 264 264 268 266 275 272 264 237 238 249 260 249 293 315 321 321 343 357 370 384 402 400 393 404 430 485 497 516 536 544 550 539 501 438 363 379 408 403 347 357 365 350 315 259 259 259 260 259 261 262 272 275 268 266 263 266 267 267 265 265 280 301 318 335 347 351 357 368 385 426 384 355 362 396 458 490 531 568
279 254 286 310 316 310 248 236 231 230 229 235 237 233 237 246 250 247 242 241 251 262 275 249 253 283 320 348 392 409 427 438 465 454 445 462 479 530 546 558 577 599 550 539 501 438 397 420 445 420 368 394 411 392 357 289 270 263 259 272 283 300 305 281 274 285 295 281 268 267 271 290 321 345 366 384 395 409 404 416 420 452 413 374 358 382 443 481 516 561
318 250 286 326 357 358 302 270 243 238 230 230 232 231 230 234 234 234 233 262 270 292 319 296 258 254 262 308 360 391 425 444 485 498 495 503 511 517 524 558 577 599 588 547 503 452 432 461 476 436 412 431 446 422 353 335 315 301 299 324 341 357 357 313 279 285 320 338 319 313 297 320 362 379 407 433 447 468 471 467 467 478 446 407 375 378 466 513 549 582
319 261 271 317 361 386 346 320 296 279 263 269 261 245 232 237 237 240 255 297 303 323 355 362 325 282 258 261 315 356 386 404 456 485 488 468 511 517 524 539 559 606 598 549 517 476 470 499 505 466 449 476 487 452 408 382 359 347 342 377 396 404 402 351 321 292 295 328 372 369 373 381 402 417 441 469 489 521 530 526 532 515 476 437 403 383 445 487 530 565
344 293 268 295 335 371 389 365 341 323 323 320 323 315 273 276 272 272 302 340 347 340 364 402 369 337 310 280 281 312 340 363 456 485 488 468 462 466 468 489 514 589 601 565 540 522 512 539 544 532 506 526 528 503 443 417 390 378 374 410 438 442 450 393 361 342 315 305 361 385 406 423 459 475 488 508 525 557 558 556 566 538 505 465 429 390 420 461 491 520
386 316 284 272 307 346 396 398 385 371 351 360 367 343 313 317 315 321 352 382 380 377 386 428 404 377 340 317 281 312 340 363 413 433 435 414 405 417 436 465 495 576 609 605 583 578 568 588 595 584 576 579 576 550 468 450 434 419 417 445 476 490 495 426 404 379 357 330 319 343 373 411 454 472 481 486 495 531 516 508 533 569 539 501 465 410 398 421 441 476
406 346 316 287 273 350 381 406 423 423 398 400 400 378 361 372 366 362 384 429 430 422 426 457 421 391 340 317 281 275 292 328 368 389 373 368 371 437 469 501 530 586 619 620 620 614 616 628 628 617 597 596 598 586 522 500 482 473 465 478 509 536 531 471 432 409 401 381 336 320 334 362 399 423 435 435 438 480 465 469 500 570 568 537 505 461 439 434 428 440
426 378 357 325 297 325 354 388 428 470 460 459 449 414 403 415 410 403 414 471 475 460 470 457 421 391 359 359 318 295 284 290 342 347 344 367 395 466 507 535 547 586 585 575 592 598 616 601 596 593 553 545 562 578 572 549 533 529 525 530 552 575 571 500 471 466 458 427 367 349 335 330 349 360 381 385 421 429 426 443 487 565 584 576 560 517 502 492 483 475
481 417 376 352 324 296 334 373 409 461 511 511 491 457 457 474 466 463 473 516 475 460 470 472 430 409 405 400 351 338 317 295 309 325 349 380 456 489 504 509 503 548 528 519 539 547 572 556 544 540 503 501 520 526 549 545 535 534 531 556 563 574 586 530 513 510 496 456 392 393 394 375 355 357 355 355 376 388 401 433 468 529 551 578 590 572 553 545 545 541
505 450 408 389 359 296 317 358 393 424 508 537 530 511 504 516 517 463 473 516 532 518 519 499 470 451 447 427 386 362 359 342 304 304 323 355 441 461 455 453 452 498 481 478 493 509 537 522 491 493 457 452 471 471 499 496 480 474 482 508 522 535 563 579 567 546 515 445 448 455 439 415 393 402 398 393 385 371 375 402 422 491 514 552 582 600 596 597 602 600
483 491 468 432 389 308 302 335 369 403 490 539 569 566 504 516 517 514 526 568 571 560 566 537 518 507 494 442 427 405 405 389 346 322 308 331 401 414 408 410 430 452 435 439 450 469 483 482 452 446 428 425 420 420 443 443 445 456 470 514 536 547 561 602 600 553 518 485 494 502 471 416 428 456 457 438 428 414 388 376 397 460 488 523 534 565 570 586 599 606
445 514 498 451 407 337 310 325 362 397 478 539 569 566 561 575 582 568 564 555 548 534 547 563 564 559 540 498 467 446 450 435 373 341 332 312 353 366 367 374 397 403 397 413 421 428 433 435 426 415 394 392 406 409 409 424 442 479 515 565 584 597 601 619 616 584 550 531 540 528 474 435 476 485 497 485 492 467 425 401 386 420 458 488 491 513 520 537 551 557
429 497 505 477 430 364 328 311 362 397 478 529 572 594 605 608 583 554 533 499 492 491 503 535 551 569 572 543 519 504 498 460 377 370 370 344 311 319 328 342 347 365 369 380 387 387 389 380 377 378 406 432 448 456 445 432 435 470 533 559 586 611 632 663 646 616 591 586 574 535 502 483 519 542 542 532 525 491 447 409 410 401 416 436 442 455 475 484 495 502
397 457 497 497 464 364 328 311 350 383 467 499 528 559 572 575 557 523 464 453 482 499 523 537 538 547 555 580 567 547 507 450 411 424 426 397 342 330 317 327 340 341 341 348 348 363 372 382 377 374 444 474 503 520 489 448 433 453 498 523 555 591 621 697 686 660 641 629 598 558 539 527 556 584 598 589 532 487 445 446 458 418 406 408 422 440 447 459 460 476
360 433 497 497 464 385 348 323 326 364 418 457 500 536 515 519 516 487 432 464 510 543 571 587 585 586 584 583 588 572 531 480 440 455 459 434 371 358 340 349 381 393 384 394 394 414 429 438 424 400 438 477 509 545 514 471 442 451 517 544 565 593 628 699 707 691 688 663 636 612 591 567 596 625 640 613 522 484 460 476 503 462 429 418 454 493 495 500 502 516
360 433 484 508 494 407 373 348 327 368 393 425 470 489 466 465 464 438 417 459 499 536 569 636 643 643 634 612 605 591 549 504 491 502 483 441 412 386 350 360 392 444 442 446 451 459 474 492 463 411 414 445 486 525 536 490 453 448 534 582 616 635 663 673 660 654 665 671 664 652 636 624 635 661 648 603 516 494 480 495 529 478 441 421 463 537 551 557 556 567
