Benchmark_data/Basin_HUC5070101/input/demvoid_huc5070101.txt
ncols         960
nrows         614
xllcorner     399646.697198
yllcorner     4140957.492452
cellsize      90
NODATA_value  -9999
[rows 320 to 359 of 614, columns 180 to 269 of 960]
456 412 411 414 416 442 517 545 567 603 648 629 603 578 562 573 550 543 571 605 621 601 577 550 584 626 644 615 584 569 598 607 583 549 532 515 501 460 463 434 402 398 383 371 361 364 323 317 356 390 423 426 439 464 488 488 497 523 565 605 617 606 593 566 515 494 472 438 416 359 346 342 339 324 352 364 357 348 319 300 289 290 338 370 407 412 406 464 462 424
443 413 389 399 425 444 513 545 583 624 649 604 572 534 520 527 512 510 545 591 601 569 537 513 576 613 644 639 616 613 606 581 550 499 484 465 464 420 412 389 373 363 352 342 344 343 319 309 325 359 383 393 415 432 443 445 468 510 545 587 641 614 578 541 474 455 447 429 398 359 346 342 347 354 394 416 415 402 336 327 330 305 301 341 365 368 421 439 444 441
446 396 392 413 437 459 515 545 579 621 625 569 542 515 482 486 477 501 545 607 583 548 509 494 556 587 613 643 667 651 615 571 531 446 441 431 422 396 391 387 392 399 379 391 404 392 341 325 307 327 342 372 380 386 390 421 455 488 525 567 636 602 562 517 462 436 447 429 398 351 369 392 388 365 407 450 452 420 349 357 367 324 273 300 319 345 414 405 404 416
446 398 407 438 458 475 533 579 613 632 613 535 502 487 465 452 463 494 534 583 553 523 478 470 527 548 579 622 666 643 601 561 526 470 475 468 450 448 437 435 446 450 415 433 442 415 383 374 332 308 324 352 364 375 385 435 447 473 509 550 623 592 549 517 462 436 414 405 384 384 416 441 420 378 409 449 458 385 379 403 387 357 296 278 300 337 406 382 367 374
431 393 415 453 487 511 565 593 622 631 586 545 502 468 440 437 465 509 546 567 532 485 459 460 509 552 597 620 632 629 606 573 550 549 535 500 490 499 471 466 480 489 448 467 454 419 430 406 360 322 317 398 422 430 446 487 494 500 507 549 623 592 549 506 435 413 404 395 383 411 445 469 447 383 416 460 479 425 420 435 419 383 305 277 276 321 381 368 339 340
407 387 419 452 483 522 580 581 579 583 576 548 518 488 452 432 459 506 540 543 513 477 445 455 510 556 594 594 583 612 626 607 599 586 571 547 529 544 525 502 511 518 490 493 470 463 423 395 354 313 305 412 443 468 484 517 537 500 507 591 620 595 552 509 467 454 437 415 405 430 470 486 463 409 433 468 495 461 453 446 407 369 335 305 268 287 352 347 326 305
376 408 438 469 489 526 543 533 524 542 546 512 496 478 443 423 456 486 533 527 492 453 426 439 504 549 577 554 540 572 607 615 592 561 552 550 550 559 564 553 554 546 536 532 514 493 426 389 353 303 315 403 432 443 457 517 537 544 558 608 630 597 557 526 500 479 460 430 430 455 486 494 462 438 473 497 510 488 476 446 422 415 370 334 298 260 306 303 290 267
354 413 448 470 492 518 500 489 490 534 539 495 461 445 417 430 468 508 541 524 482 445 414 422 488 520 543 520 506 539 573 590 569 501 494 509 509 529 550 567 558 521 529 540 526 491 422 388 356 318 357 389 432 443 457 499 538 563 568 603 625 619 594 578 526 509 484 441 460 481 507 510 478 475 504 510 494 475 445 407 392 390 356 334 309 262 257 248 237 237
357 380 405 429 467 492 471 459 480 517 525 486 454 421 385 417 462 499 532 527 488 445 410 403 459 492 509 483 478 514 553 572 547 458 444 460 457 500 512 534 529 469 486 497 490 483 404 392 351 318 357 389 398 404 427 492 516 526 529 573 610 631 632 615 568 543 495 465 489 504 516 511 486 503 514 489 455 426 419 379 352 346 299 276 252 238 241 247 244 255
398 344 357 393 434 471 459 445 466 498 498 468 432 401 377 413 443 473 506 538 499 460 424 389 425 457 461 439 466 504 544 561 493 457 424 417 435 468 470 496 506 443 450 456 479 488 404 392 351 313 340 352 365 395 416 456 471 476 484 550 575 600 631 642 584 546 503 474 521 530 540 534 519 516 501 465 430 382 383 368 334 302 257 235 229 246 280 288 293 301
439 377 346 355 397 438 444 413 439 472 506 490 457 412 372 411 455 491 492 516 495 478 443 402 391 408 404 410 464 507 541 527 472 445 414 388 417 434 437 475 486 414 422 456 479 488 424 387 349 298 323 334 343 354 372 401 417 432 465 517 531 573 612 637 576 541 526 521 547 567 578 567 539 484 469 432 412 340 340 336 296 264 245 246 274 304 319 324 323 327
478 414 376 347 358 391 415 395 420 454 479 471 441 409 371 410 447 458 440 475 456 459 467 393 368 368 387 413 487 524 539 499 445 423 396 367 396 404 420 463 486 414 422 458 484 483 415 374 332 293 352 371 380 383 383 395 405 417 441 485 517 555 594 629 601 589 580 576 583 587 568 542 516 439 425 399 374 298 296 271 247 233 260 284 311 332 361 363 362 364
502 448 405 374 343 348 370 377 401 424 422 422 402 379 351 386 413 414 403 436 415 425 454 406 369 367 403 440 504 521 524 507 425 401 378 354 364 391 420 463 463 389 410 449 468 448 414 371 320 300 349 370 388 405 418 445 463 473 473 501 520 549 589 624 636 624 613 603 606 580 544 502 471 435 406 375 343 276 248 235 240 263 282 279 294 316 368 390 406 415
488 473 439 402 358 341 335 341 359 364 365 366 350 350 334 350 362 370 370 391 380 391 405 404 371 366 392 441 472 474 483 503 463 442 413 354 364 391 428 460 454 373 390 424 448 411 377 344 305 296 335 347 360 381 395 456 486 512 520 546 574 590 615 627 591 583 570 564 565 566 534 490 419 404 401 371 319 234 236 244 264 325 339 332 315 302 332 359 390 417
439 449 421 384 348 365 355 339 336 334 327 330 325 325 328 331 328 328 340 350 341 357 366 377 352 354 389 432 429 419 446 477 463 442 413 372 348 388 424 454 449 366 364 399 419 402 341 315 288 307 370 391 396 398 415 480 505 532 554 578 595 614 625 561 538 533 516 518 523 545 538 489 415 377 363 324 282 241 245 255 287 353 382 382 355 335 324 330 358 395
402 392 372 370 394 415 392 375 354 341 345 345 337 331 340 327 322 319 320 321 320 318 328 340 331 354 387 407 399 419 446 477 445 427 420 393 345 373 399 412 412 373 343 355 384 395 320 290 287 329 396 427 446 436 438 508 540 559 576 550 555 582 594 529 501 501 487 480 509 532 524 489 430 381 332 293 245 246 257 286 322 379 399 403 391 388 371 354 348 373
432 399 409 419 449 457 437 397 367 368 370 375 394 392 387 383 376 371 361 344 330 317 310 319 325 333 387 407 399 396 419 443 414 385 372 370 346 340 355 366 370 366 335 333 356 359 300 291 321 363 426 457 485 488 488 520 557 551 540 520 515 544 570 523 491 477 472 471 493 503 486 454 407 381 335 282 239 250 280 311 342 369 375 383 391 402 420 403 386 391
457 436 459 470 491 478 445 397 373 403 384 385 411 436 444 434 421 415 408 387 357 343 351 315 325 333 351 361 355 366 378 385 380 352 333 326 313 311 315 307 318 311 310 308 314 297 290 307 347 379 407 452 484 514 519 534 538 517 500 487 503 524 556 519 496 458 452 450 479 483 472 436 373 345 320 279 247 245 272 286 297 302 300 321 341 365 416 435 446 439
461 462 499 520 510 445 404 391 416 447 432 395 408 443 486 466 475 468 458 407 366 343 351 315 311 315 315 318 317 322 327 339 335 319 301 299 294 294 305 303 303 292 295 292 287 295 289 294 323 343 410 439 453 482 525 506 498 489 466 463 496 522 532 480 459 447 419 423 476 481 457 424 379 368 351 319 265 241 249 249 251 249 252 254 281 314 381 410 443 467
475 503 528 525 488 411 394 412 447 479 471 432 417 436 506 515 511 503 458 407 366 379 401 351 336 318 323 311 307 306 308 303 308 303 312 327 343 345 338 336 338 326 337 333 338 352 327 285 296 326 384 395 415 455 503 477 452 445 433 471 507 522 518 464 435 415 393 408 485 488 473 449 424 409 390 357 320 263 252 255 252 256 250 248 244 275 349 387 419 444
501 538 546 515 471 416 430 443 461 504 486 463 448 442 500 515 511 503 482 407 376 403 427 387 383 385 379 359 361 342 331 335 327 344 362 384 386 396 395 393 383 354 383 393 395 389 355 314 285 293 340 369 404 440 469 446 421 407 425 478 505 514 501 436 420 398 379 409 482 495 484 472 418 393 375 355 339 296 280 276 290 294 296 271 250 256 333 366 391 417
552 578 548 495 465 455 474 473 479 521 518 503 487 442 500 542 547 520 438 389 398 442 463 434 439 441 433 404 371 337 347 375 344 375 406 433 436 438 439 427 384 376 397 433 442 416 382 354 317 291 311 354 392 431 436 407 389 403 439 498 511 499 468 410 393 377 379 408 469 494 487 468 436 423 405 380 347 292 292 312 331 330 323 295 254 279 317 350 372 392
-9999 577 539 488 447 489 512 506 511 573 518 503 487 464 502 543 569 537 451 423 436 481 491 480 477 461 448 385 347 356 379 406 348 374 416 453 483 490 468 423 386 399 439 466 461 399 384 370 351 326 297 334 372 418 406 377 390 425 467 515 490 461 445 392 363 375 407 439 489 495 477 452 409 406 393 367 306 320 345 359 379 372 335 284 246 280 309 330 343 349
-9999 -9999 514 490 474 516 547 506 511 573 568 561 535 505 512 539 580 549 456 445 471 511 531 484 448 423 401 356 361 386 416 421 358 365 391 424 502 510 478 432 397 424 467 470 432 375 353 349 339 320 283 331 375 415 376 371 401 434 483 515 471 431 408 373 357 378 407 483 504 487 468 435 383 368 358 336 341 365 388 409 402 350 313 264 241 279 291 295 303 318
-9999 -9999 -9999 525 528 516 547 563 562 602 599 593 574 548 523 564 587 555 479 481 507 538 533 460 425 407 389 366 392 428 448 424 389 398 392 407 494 509 491 449 415 461 483 455 408 384 374 351 322 292 302 340 384 413 360 370 402 446 476 483 468 429 394 346 367 401 429 488 507 499 481 470 419 385 364 376 399 416 421 409 395 346 303 256 248 310 333 339 347 366
-9999 -9999 -9999 -9999 528 557 574 598 603 592 568 572 589 586 561 574 588 566 520 528 556 566 525 462 463 452 409 383 410 445 455 431 421 442 440 428 489 518 505 471 436 475 481 445 412 424 399 366 336 297 308 351 390 412 351 362 401 441 434 441 443 412 373 347 385 424 465 493 498 488 480 480 426 394 401 419 446 443 436 430 423 349 291 249 256 333 375 395 405 416
-9999 -9999 -9999 -9999 576 581 593 600 589 558 535 545 571 596 600 609 616 599 567 575 593 563 525 503 486 450 403 426 449 472 476 447 453 485 484 461 491 528 523 487 457 506 496 459 442 441 403 385 354 281 292 335 373 400 334 350 392 428 415 392 408 393 351 356 404 442 472 468 457 446 442 468 451 437 440 456 458 443 433 430 415 329 285 248 247 338 364 378 398 415
-9999 -9999 -9999 -9999 -9999 548 570 573 546 519 508 533 559 595 641 637 621 614 613 613 609 587 565 514 477 441 403 455 492 505 501 465 477 525 529 501 511 539 540 508 510 528 507 489 498 468 444 422 383 307 290 313 352 377 319 342 385 413 411 377 364 352 320 375 414 455 476 436 408 404 423 451 473 473 477 473 431 411 395 384 374 318 268 245 245 312 328 350 379 412
-9999 -9999 -9999 -9999 -9999 -9999 538 555 529 487 500 535 567 594 641 610 575 571 590 599 617 609 580 504 469 437 420 481 521 544 523 486 499 532 552 545 562 570 561 538 555 561 539 534 533 495 458 407 376 328 298 294 323 341 310 325 352 371 394 362 326 310 320 376 408 458 473 420 386 397 426 452 451 461 475 477 434 410 382 349 327 300 266 243 247 274 296 332 367 398
-9999 -9999 -9999 -9999 -9999 -9999 -9999 516 508 480 515 550 574 593 605 597 566 528 550 561 598 610 538 500 467 438 456 491 530 560 550 532 532 557 581 577 575 574 585 586 583 561 534 525 521 503 470 437 413 354 314 287 295 305 284 296 304 317 353 344 306 303 344 415 438 470 467 394 372 394 426 437 416 428 454 477 436 403 379 359 344 304 270 253 256 277 270 299 330 348
-9999 -9999 -9999 -9999 -9999 -9999 -9999 -9999 473 482 510 541 576 589 567 554 541 504 515 559 590 618 560 511 475 462 488 520 558 555 539 553 553 564 555 534 512 530 563 584 579 548 510 493 482 489 491 479 449 385 349 311 291 281 276 276 274 280 309 304 297 326 369 434 457 472 448 379 360 383 399 394 397 426 445 471 445 421 408 409 403 324 264 246 259 319 294 272 279 310
-9999 -9999 -9999 -9999 -9999 -9999 -9999 -9999 -9999 503 533 560 587 555 530 508 496 479 505 544 579 607 564 517 490 492 523 580 573 540 504 521 519 529 527 498 472 497 525 552 595 576 552 514 464 447 456 458 455 423 394 361 335 328 320 316 304 284 275 280 298 323 355 405 438 454 430 372 346 347 350 356 416 427 433 456 469 461 446 435 359 306 253 249 276 354 338 315 292 281
-9999 -9999 -9999 -9999 -9999 -9999 -9999 -9999 -9999 -9999 543 568 582 526 492 478 464 460 493 528 566 603 587 541 524 531 557 590 558 513 488 476 479 499 500 469 451 475 507 539 593 590 545 512 482 449 432 418 418 406 397 392 391 388 381 377 365 346 282 274 276 293 318 392 433 446 422 393 361 328 341 409 406 405 412 447 457 446 435 405 328 268 248 250 285 370 383 370 292 281
-9999 -9999 -9999 -9999 -9999 -9999 -9999 -9999 -9999 -9999 -9999 542 554 504 476 445 449 475 525 533 566 601 595 580 582 586 595 581 537 503 473 433 448 470 473 440 452 483 498 511 579 589 561 536 525 480 463 443 426 391 377 370 372 381 399 414 411 389 326 294 276 273 291 371 409 433 426 405 356 317 335 376 376 394 424 454 428 401 397 370 303 257 250 254 278 370 383 370 351 287
-9999 -9999 -9999 -9999 -9999 -9999 -9999 -9999 -9999 -9999 -9999 -9999 534 467 442 431 447 472 549 569 586 614 620 618 612 606 603 573 548 515 483 411 410 424 433 415 442 454 461 491 544 568 580 579 560 520 504 490 480 447 431 413 387 364 366 385 402 408 382 356 312 272 313 360 400 421 400 386 335 310 322 345 352 397 434 466 420 395 379 362 304 248 250 254 278 364 397 406 380 304
-9999 -9999 -9999 -9999 -9999 -9999 -9999 -9999 -9999 -9999 -9999 -9999 -9999 436 427 452 480 491 528 559 596 627 602 583 587 573 551 549 554 527 486 434 413 393 386 390 424 417 437 461 511 535 573 592 568 503 489 479 474 471 464 455 436 375 346 343 361 381 407 384 336 289 310 358 395 383 357 339 324 298 300 356 383 420 449 470 441 426 401 362 304 248 249 253 276 355 392 417 400 338
-9999 -9999 -9999 -9999 -9999 -9999 -9999 -9999 -9999 -9999 -9999 -9999 -9999 -9999 435 466 500 534 560 576 603 621 577 539 535 530 509 526 555 541 506 440 421 408 384 372 393 422 444 467 522 547 578 578 534 507 467 437 424 429 440 446 449 415 376 336 324 343 368 351 317 280 325 352 360 337 307 284 290 281 283 341 372 400 430 465 441 426 401 392 318 261 245 250 257 334 362 381 393 374
-9999 -9999 -9999 -9999 -9999 -9999 -9999 -9999 -9999 -9999 -9999 -9999 -9999 -9999 472 481 506 536 585 587 583 591 568 528 499 492 480 514 553 552 508 454 441 415 400 368 385 419 442 456 504 533 563 551 497 491 476 457 426 387 390 402 414 432 408 368 330 304 313 294 278 267 311 329 319 292 273 286 273 267 263 308 338 376 430 465 473 443 425 424 346 296 258 249 245 280 307 318 343 391
-9999 -9999 -9999 -9999 -9999 -9999 -9999 -9999 -9999 -9999 -9999 -9999 -9999 -9999 486 518 535 549 554 540 540 555 576 538 502 474 472 509 546 553 519 472 447 449 436 373 369 391 408 432 499 529 556 531 456 440 424 429 428 404 379 367 372 404 416 398 364 327 281 275 282 278 288 301 294 267 278 328 325 323 301 308 338 376 409 441 482 473 472 451 357 318 289 261 255 252 249 252 289 357
-9999 -9999 -9999 -9999 -9999 -9999 -9999 -9999 -9999 -9999 -9999 -9999 -9999 -9999 -9999 505 521 510 507 497 508 543 570 530 493 462 463 496 530 557 547 487 475 453 424 365 362 395 427 460 516 533 552 539 483 433 404 383 388 409 411 384 350 360 368 363 348 319 282 300 321 314 278 275 278 284 318 366 325 323 301 282 319 358 388 418 486 505 497 475 402 360 326 292 275 252 253 249 251 323
