Benchmark_data/Basin_HUC5070101/input/demvoid_huc5070101.txt
ncols         960
nrows         614
xllcorner     399646.697198
yllcorner     4140957.492452
cellsize      90
NODATA_value  -9999
[rows 240 to 279 of 614, columns 90 to 179 of 960]
524 493 465 441 421 417 432 382 386 409 440 478 539 552 573 602 577 526 505 488 468 495 502 525 545 563 591 603 584 556 482 464 469 487 495 481 466 451 398 384 375 368 344 353 401 439 478 528 560 570 541 487 424 391 376 341 308 326 340 361 382 418 400 411 408 382 379 360 361 363 367 383 430 426 429 462 502 537 611 634 636 615 597 573 548 506 483 528 539 550
508 475 457 448 452 468 478 438 383 396 436 476 498 504 537 560 565 552 525 516 514 528 548 568 580 587 578 563 545 494 480 460 449 442 431 426 415 394 365 355 355 336 325 362 409 447 494 553 571 583 571 545 446 423 414 383 326 301 304 321 339 382 371 362 362 343 335 337 330 360 367 383 385 390 443 476 512 552 621 654 660 647 622 569 540 497 500 565 579 598
511 493 492 478 499 507 495 439 403 393 418 447 453 466 501 540 595 596 563 557 548 537 569 605 617 570 552 533 515 509 524 514 486 452 416 402 388 382 393 399 386 347 326 378 407 434 463 511 534 563 584 569 496 473 444 404 362 340 319 308 310 334 331 323 318 326 335 337 330 342 348 360 374 388 429 456 487 521 599 645 666 633 606 540 517 493 500 548 577 606
531 536 535 522 525 502 468 408 394 396 398 416 456 467 483 516 584 602 608 595 545 558 590 618 617 564 565 568 554 549 562 553 520 500 464 457 445 443 445 439 403 357 328 375 388 398 425 473 505 549 584 596 550 514 477 449 414 388 345 321 311 320 325 328 318 326 334 353 369 367 357 349 356 376 439 466 489 511 585 627 645 633 597 542 522 499 498 525 548 584
564 558 550 542 520 477 448 418 435 434 424 411 489 515 520 521 562 600 618 618 589 595 618 635 624 617 626 613 590 581 584 569 553 532 496 488 481 464 443 416 382 336 338 412 429 428 433 472 502 547 590 614 571 544 518 497 442 407 357 314 336 320 325 328 352 382 396 417 424 431 422 388 359 350 433 471 505 536 567 579 599 618 616 579 546 507 516 563 573 592
586 574 563 527 494 456 425 464 482 474 451 439 478 516 547 553 592 600 591 588 606 607 609 629 624 632 631 608 596 590 568 542 520 503 450 445 435 426 411 383 340 351 375 444 470 479 474 497 528 564 597 573 537 512 501 484 415 377 335 314 336 374 393 394 417 442 449 467 467 484 471 436 395 358 413 454 491 510 512 521 551 585 615 595 549 515 514 586 603 623
564 551 537 492 467 432 426 493 515 497 463 426 462 494 536 570 600 584 551 554 563 566 588 587 577 602 581 543 533 547 534 498 473 457 406 402 384 387 357 346 350 363 388 467 505 527 527 543 573 597 609 545 503 475 462 451 415 377 335 302 364 409 438 454 465 495 503 518 525 526 498 457 420 380 390 429 461 465 473 494 519 557 590 585 543 517 514 577 613 639
542 524 488 464 435 437 447 507 542 517 482 430 443 475 511 542 597 571 527 516 522 542 545 536 524 568 537 515 492 499 491 467 434 412 380 362 365 356 373 383 397 394 410 450 490 530 557 584 601 616 605 532 499 475 462 451 394 352 314 321 393 430 451 463 472 471 483 501 524 551 515 485 457 413 370 400 418 422 481 510 552 582 618 591 563 542 516 569 596 611
512 486 457 454 461 468 471 508 541 541 518 439 430 451 493 532 590 560 535 496 470 485 489 483 476 504 494 486 452 449 450 431 404 381 355 372 393 404 411 431 445 435 402 430 464 502 543 605 620 599 562 532 499 455 436 418 380 334 307 322 379 404 413 414 417 424 433 453 475 540 548 518 477 436 375 382 399 423 490 530 578 612 634 624 588 552 522 544 556 573
465 466 472 473 491 511 505 533 541 555 535 455 435 461 497 539 590 578 557 544 474 455 447 443 446 441 442 424 420 399 397 394 375 382 400 431 450 454 432 454 484 483 425 416 445 479 509 590 620 599 562 520 497 461 434 405 368 331 309 317 348 362 364 372 387 431 447 462 474 523 551 536 499 429 386 371 390 429 497 534 583 620 642 604 569 538 545 535 537 569
492 496 518 516 528 542 551 554 557 558 539 463 435 466 510 548 594 597 585 579 531 505 492 480 461 435 422 418 409 400 388 381 365 428 450 479 499 489 465 480 511 517 472 454 436 466 509 590 601 570 522 472 462 452 426 393 344 323 316 345 345 349 381 413 439 482 508 524 531 547 565 566 540 471 435 397 380 413 499 541 574 604 633 600 568 563 578 559 549 566
545 531 551 555 554 576 575 586 576 553 539 468 441 461 490 519 561 572 581 599 579 556 535 514 482 472 463 458 435 442 424 393 377 458 491 521 536 526 510 510 534 544 518 454 436 466 507 581 596 559 519 452 433 418 405 363 318 320 344 385 374 353 381 427 485 496 522 549 574 595 595 594 571 483 445 416 388 401 485 511 531 562 626 608 580 578 608 580 557 562
571 567 579 593 587 603 593 560 545 534 517 449 434 448 459 497 518 528 550 571 606 587 572 547 529 509 494 493 476 484 445 407 380 439 478 511 541 560 562 560 576 544 518 489 467 483 520 593 585 547 516 453 425 394 380 364 337 373 410 432 403 359 371 406 447 464 492 528 574 632 628 615 572 479 462 442 405 399 459 480 501 535 624 622 596 593 624 614 590 575
601 611 622 636 629 603 575 533 510 498 486 452 474 473 467 476 489 501 523 550 619 628 589 572 572 550 539 531 525 511 469 418 397 418 446 488 528 564 562 560 576 587 558 513 491 490 523 589 569 523 479 432 413 385 356 322 363 403 445 470 415 374 356 378 441 471 511 554 584 651 647 614 573 514 503 463 413 398 456 484 512 546 613 631 623 633 658 651 631 621
601 611 620 627 626 594 551 541 521 482 463 483 505 508 512 520 524 542 556 569 608 615 613 606 607 586 587 579 572 532 490 449 411 401 428 478 528 564 597 604 617 630 564 530 517 520 570 586 556 508 473 405 386 360 326 353 390 416 449 484 436 408 368 374 457 491 530 570 586 618 644 629 605 562 528 479 435 402 444 471 496 527 575 601 613 641 664 659 637 636
573 585 587 595 607 600 582 566 547 526 492 488 512 537 549 551 561 571 579 577 558 569 574 567 588 586 569 568 555 530 513 475 443 401 428 478 514 540 560 589 624 634 577 556 557 574 592 592 562 524 479 398 365 327 326 401 430 456 480 508 474 445 408 390 452 495 533 547 541 587 626 656 646 569 514 484 446 410 422 437 462 488 526 548 579 611 643 619 605 596
544 554 556 573 585 590 617 608 577 549 515 471 503 535 569 591 578 570 546 520 499 509 522 507 550 550 518 525 515 496 509 475 443 400 420 459 491 501 523 566 602 627 612 598 604 616 599 574 532 501 466 390 347 330 360 444 478 500 519 539 503 460 433 404 438 480 506 503 501 564 608 634 640 566 512 482 448 421 460 477 484 488 519 545 580 617 612 580 560 558
510 509 537 554 573 582 621 624 594 558 523 483 495 529 565 597 565 543 508 484 472 472 472 474 497 501 481 486 515 496 509 494 468 394 405 425 446 475 513 541 560 594 638 627 601 587 544 540 527 497 451 375 343 330 360 436 479 511 548 567 513 492 462 427 416 446 463 464 481 550 575 593 620 557 516 483 444 440 490 524 535 530 555 583 615 629 577 542 522 528
464 471 541 564 579 588 620 631 608 572 556 492 488 522 563 579 549 518 492 505 490 480 456 443 447 501 481 486 466 451 465 455 430 396 415 413 426 457 483 504 533 574 633 617 578 540 502 493 498 477 437 349 334 329 352 420 454 493 544 582 549 519 487 456 403 412 430 440 489 512 533 562 594 554 511 472 445 447 496 541 568 571 587 621 650 646 574 541 516 499
464 464 523 542 556 570 609 625 624 605 580 503 480 522 564 577 544 532 546 556 523 475 446 443 447 453 442 445 428 413 411 403 391 411 430 448 470 461 465 485 519 547 619 612 567 516 468 450 451 437 414 329 342 360 391 460 488 519 551 599 565 527 492 459 423 444 458 468 469 484 515 551 591 566 525 494 457 444 490 534 569 597 633 652 669 669 610 581 551 510
516 511 488 497 517 530 579 593 623 627 590 499 499 535 567 572 565 568 579 533 523 475 446 428 445 427 424 424 413 410 399 408 442 461 448 466 499 512 490 483 504 539 612 611 573 528 453 432 419 407 396 336 368 398 429 497 525 557 595 618 582 545 507 476 437 468 504 519 511 495 511 537 573 588 544 504 467 436 481 513 542 577 621 623 630 658 627 583 552 529
559 540 522 522 506 507 570 595 614 622 580 506 523 550 579 585 579 588 579 533 495 463 445 477 476 452 447 463 476 448 415 432 476 510 481 478 506 550 527 520 524 540 608 617 592 542 494 472 443 414 377 336 358 381 410 472 505 546 588 626 586 550 511 478 442 466 510 540 555 542 529 530 551 596 571 526 479 436 470 505 543 577 559 569 591 630 629 600 578 570
574 566 563 558 549 521 575 600 613 607 557 530 542 565 602 585 579 588 573 496 468 446 477 514 494 473 480 509 500 454 420 446 485 544 523 504 517 575 573 571 577 581 621 628 601 574 518 484 443 395 332 344 379 410 423 470 500 542 578 633 599 554 519 499 468 456 489 519 585 587 581 573 580 600 569 526 488 438 458 489 528 557 524 547 589 623 637 625 617 620
600 588 591 585 575 564 559 587 606 609 574 551 557 565 602 602 601 584 555 483 461 477 511 544 504 494 518 548 500 457 427 451 490 563 561 547 551 605 619 623 625 624 632 619 579 552 498 460 436 384 355 391 426 451 461 507 531 572 606 642 619 578 542 528 508 480 475 508 554 578 607 620 621 614 576 552 523 453 442 458 490 513 505 543 575 581 604 605 618 632
595 607 606 606 595 576 555 572 602 621 574 551 557 587 624 633 600 571 534 468 464 502 546 573 515 524 560 578 504 453 431 466 512 578 595 596 601 633 625 614 608 623 620 585 552 512 462 443 416 382 376 416 461 493 509 549 579 599 619 651 641 608 574 568 541 507 485 493 535 562 595 632 654 608 572 548 521 455 449 448 451 475 495 518 536 540 568 567 584 602
556 600 611 631 623 609 589 581 602 621 608 601 592 621 640 609 572 544 510 470 500 539 581 595 546 563 580 577 497 452 446 481 525 584 612 627 638 625 592 569 558 583 592 573 543 509 435 418 400 378 364 415 463 503 535 567 570 565 578 623 642 641 626 614 558 524 502 514 567 593 619 646 654 587 545 521 500 478 493 488 467 452 461 478 494 515 531 542 566 577
-9999 594 607 619 629 635 589 581 602 615 608 608 622 632 626 578 549 512 482 491 513 548 595 624 585 592 594 565 475 460 454 469 519 547 587 618 640 601 557 520 507 535 555 570 560 535 467 451 432 394 364 403 450 486 508 531 523 517 532 577 612 644 651 644 574 541 515 526 587 626 661 679 631 594 569 553 528 489 517 534 523 497 481 466 467 484 506 526 534 531
-9999 -9999 -9999 -9999 629 635 618 610 612 612 620 599 603 626 620 555 525 493 479 537 557 576 609 641 626 619 594 560 506 507 483 469 530 553 574 608 640 595 556 515 480 489 510 532 547 545 512 486 451 404 352 393 434 450 458 488 475 471 493 548 593 612 614 616 594 555 532 541 583 632 667 686 662 633 608 576 527 519 539 553 559 550 526 510 502 481 486 492 503 518
-9999 -9999 -9999 -9999 -9999 -9999 618 625 628 631 584 560 573 595 606 546 500 480 494 550 584 608 628 659 662 653 610 570 563 550 509 490 565 597 616 623 638 586 557 528 491 452 471 491 507 524 499 478 436 393 357 385 407 408 417 446 436 461 490 544 572 570 556 593 600 572 553 560 620 648 650 651 677 656 619 578 540 551 583 589 594 585 567 553 558 536 480 502 535 562
-9999 -9999 -9999 -9999 -9999 -9999 -9999 -9999 596 577 538 525 525 570 555 522 493 485 497 549 569 596 610 638 662 663 629 613 600 575 526 508 578 611 621 606 596 586 565 550 508 437 438 457 485 484 453 446 418 375 353 362 359 371 383 410 411 454 472 518 544 539 509 562 596 601 585 572 619 626 606 595 660 659 620 578 556 576 610 633 637 611 593 592 578 545 490 504 533 568
-9999 -9999 -9999 -9999 -9999 -9999 -9999 -9999 -9999 -9999 -9999 489 508 546 530 510 520 529 520 536 568 595 621 659 669 650 630 627 628 595 554 532 593 603 582 562 545 550 531 530 518 449 418 431 451 445 418 405 372 348 347 356 361 354 375 384 397 419 433 488 509 496 475 535 566 579 589 588 603 575 558 558 641 663 649 620 586 598 636 660 646 585 566 563 551 513 512 540 561 583
-9999 -9999 -9999 -9999 -9999 -9999 -9999 -9999 -9999 -9999 -9999 -9999 -9999 528 532 526 552 578 578 541 546 572 597 662 655 613 580 580 610 599 578 572 594 579 551 510 499 515 485 492 496 455 423 401 411 403 380 364 362 365 355 384 411 409 369 365 364 378 391 439 461 457 457 515 521 532 546 544 561 533 519 535 625 650 659 655 637 629 654 652 623 568 542 533 515 497 532 566 590 583
-9999 -9999 -9999 -9999 -9999 -9999 -9999 -9999 -9999 -9999 -9999 -9999 -9999 500 545 536 560 597 619 598 592 582 592 649 635 592 549 540 564 562 557 554 545 543 518 475 462 476 458 450 450 424 398 386 376 370 378 389 414 425 369 380 421 454 424 407 391 373 364 393 422 427 440 483 478 484 494 495 514 498 504 536 591 604 623 649 667 671 669 631 596 563 530 507 509 522 532 566 590 612
-9999 -9999 -9999 -9999 -9999 -9999 -9999 -9999 -9999 -9999 -9999 -9999 -9999 474 544 553 557 587 617 652 639 608 594 639 613 562 523 497 515 510 502 504 501 497 485 463 445 433 426 421 410 376 384 396 404 436 449 452 458 438 355 388 425 460 473 464 452 434 414 373 390 405 425 440 432 438 445 453 473 481 491 515 546 562 594 629 664 688 669 633 596 540 518 515 509 524 526 547 580 606
-9999 -9999 -9999 -9999 -9999 -9999 -9999 -9999 -9999 -9999 -9999 -9999 -9999 -9999 544 577 586 588 598 659 655 625 604 616 590 543 511 478 477 467 459 453 453 449 441 425 407 405 398 400 391 427 440 452 468 487 489 470 445 411 368 394 418 438 498 520 513 488 453 407 378 383 392 413 425 446 460 467 487 504 499 511 550 571 599 643 693 669 636 601 572 540 518 515 543 569 553 544 560 587
-9999 -9999 -9999 -9999 -9999 -9999 -9999 -9999 -9999 -9999 -9999 -9999 -9999 -9999 530 567 596 617 623 646 658 630 621 584 558 521 497 450 452 452 448 446 440 428 424 422 446 454 457 447 426 455 495 503 512 498 474 444 412 381 373 370 397 428 504 535 546 523 494 457 424 395 385 422 463 490 510 523 527 541 536 539 592 590 612 653 665 637 636 601 572 533 529 537 550 605 596 588 576 582
-9999 -9999 -9999 -9999 -9999 -9999 -9999 -9999 -9999 -9999 -9999 -9999 -9999 -9999 -9999 539 565 595 623 658 661 641 626 573 543 499 475 486 492 483 488 486 472 450 455 472 490 505 508 487 448 479 515 540 535 470 437 415 382 377 421 408 384 409 479 513 544 551 540 483 458 450 426 395 444 481 513 562 570 580 572 564 621 654 669 678 665 637 611 580 559 551 570 575 564 604 630 631 612 618
-9999 -9999 -9999 -9999 -9999 -9999 -9999 -9999 -9999 -9999 -9999 -9999 -9999 -9999 -9999 505 528 554 622 651 666 659 641 593 553 515 475 532 541 534 541 543 489 461 470 506 517 540 539 507 461 494 532 545 516 445 419 387 368 393 446 435 396 397 449 482 528 564 576 505 501 498 465 401 425 469 509 582 595 611 614 617 656 654 669 678 633 606 585 568 551 579 603 623 611 614 642 661 658 658
-9999 -9999 -9999 -9999 -9999 -9999 -9999 -9999 -9999 -9999 -9999 -9999 -9999 -9999 -9999 473 499 533 612 648 665 670 667 597 557 510 492 546 575 581 581 565 491 468 483 516 564 573 557 520 479 515 544 520 488 425 391 370 401 427 457 453 416 397 468 512 543 582 559 545 549 537 495 401 419 461 505 548 564 595 614 617 656 687 694 688 619 580 572 560 561 603 627 652 659 663 677 681 680 665
-9999 -9999 -9999 -9999 -9999 -9999 -9999 -9999 -9999 -9999 -9999 -9999 -9999 -9999 -9999 -9999 487 521 597 614 623 639 653 607 573 526 491 554 599 616 601 565 506 480 487 518 588 601 569 533 505 544 545 509 468 403 369 393 441 483 490 476 431 399 470 515 541 576 601 593 572 537 497 411 405 443 478 513 564 595 635 663 681 678 679 683 629 620 611 594 590 595 621 653 679 686 676 654 649 628
