Benchmark_data/Basin_HUC5070101/input/demvoid_huc5070101.txt
ncols         960
nrows         614
xllcorner     399646.697198
yllcorner     4140957.492452
cellsize      90
NODATA_value  -9999
[rows 160 to 199 of 614, columns 630 to 719 of 960]
1009 1043 1042 1049 1047 1021 1002 968 977 999 1011 938 913 905 908 906 896 882 852 833 856 882 880 853 818 825 821 784 797 786 765 785 825 851 858 882 909 925 963 979 949 913 854 836 815 803 -9999 -9999 -9999 -9999 -9999 -9999 -9999 -9999 -9999 -9999 -9999 -9999 -9999 -9999 -9999 -9999 -9999 -9999 -9999 -9999 -9999 -9999 -9999 -9999 -9999 -9999 -9999 -9999 -9999 -9999 -9999 -9999 -9999 -9999 -9999 -9999 -9999 -9999 -9999 -9999 -9999 -9999 -9999 -9999
1026 1047 1011 999 1002 974 953 908 923 949 974 918 879 859 854 862 909 898 880 870 884 879 861 833 813 774 793 768 757 757 783 822 848 890 909 926 938 959 994 977 929 890 843 822 798 783 764 -9999 -9999 -9999 -9999 -9999 -9999 -9999 -9999 -9999 -9999 -9999 -9999 -9999 -9999 -9999 -9999 -9999 -9999 -9999 -9999 -9999 -9999 -9999 -9999 -9999 -9999 -9999 -9999 -9999 -9999 -9999 -9999 -9999 -9999 -9999 -9999 -9999 -9999 -9999 -9999 -9999 -9999 -9999
1045 1021 953 945 951 937 904 867 881 906 935 882 850 815 804 819 897 914 906 894 877 861 841 805 777 753 745 745 743 754 773 801 833 868 894 919 938 955 981 957 902 875 810 788 774 751 729 707 -9999 -9999 -9999 -9999 -9999 -9999 -9999 -9999 -9999 -9999 -9999 -9999 -9999 -9999 -9999 -9999 -9999 -9999 -9999 -9999 -9999 -9999 -9999 -9999 -9999 -9999 -9999 -9999 -9999 -9999 -9999 -9999 -9999 -9999 -9999 -9999 -9999 -9999 -9999 -9999 -9999 -9999
1042 1002 918 895 907 909 880 819 845 894 915 854 821 794 780 798 869 891 893 875 840 819 816 800 742 733 728 751 773 791 770 769 788 840 860 892 912 921 963 952 898 866 810 789 777 764 769 733 739 -9999 -9999 -9999 -9999 -9999 -9999 -9999 -9999 -9999 -9999 -9999 -9999 -9999 -9999 -9999 -9999 -9999 -9999 -9999 -9999 -9999 -9999 -9999 -9999 -9999 -9999 -9999 -9999 -9999 -9999 -9999 -9999 -9999 -9999 -9999 -9999 -9999 -9999 -9999 -9999 -9999
1026 983 891 851 847 863 843 785 824 875 891 828 797 782 757 783 829 863 861 829 798 781 773 767 719 733 762 787 824 826 808 794 781 806 841 862 867 891 953 957 930 886 846 819 796 796 798 747 769 792 -9999 -9999 -9999 -9999 -9999 -9999 -9999 -9999 -9999 -9999 -9999 -9999 -9999 -9999 -9999 -9999 -9999 -9999 -9999 -9999 -9999 -9999 -9999 -9999 -9999 -9999 -9999 -9999 -9999 -9999 -9999 -9999 -9999 -9999 -9999 -9999 -9999 -9999 -9999 -9999
993 971 888 843 797 811 805 765 810 852 861 808 781 754 736 753 818 852 837 803 765 749 741 730 727 762 792 825 848 854 849 835 825 798 811 832 855 885 944 962 959 941 868 832 817 812 769 766 787 803 -9999 -9999 -9999 -9999 -9999 -9999 -9999 -9999 -9999 -9999 -9999 -9999 -9999 -9999 -9999 -9999 -9999 -9999 -9999 -9999 -9999 -9999 -9999 -9999 -9999 -9999 -9999 -9999 -9999 -9999 -9999 -9999 -9999 -9999 -9999 -9999 -9999 -9999 -9999 -9999
934 926 893 847 795 772 776 754 787 819 829 789 760 735 726 749 823 839 808 772 757 729 712 709 745 773 808 835 863 899 882 865 863 838 844 835 841 861 922 947 960 966 916 889 863 836 783 784 802 815 795 -9999 -9999 -9999 -9999 -9999 -9999 -9999 -9999 -9999 -9999 -9999 -9999 -9999 -9999 -9999 -9999 -9999 -9999 -9999 -9999 -9999 -9999 -9999 -9999 -9999 -9999 -9999 -9999 -9999 -9999 -9999 -9999 -9999 -9999 -9999 -9999 -9999 -9999 -9999
889 871 878 842 799 761 741 731 769 789 804 781 750 717 707 737 793 808 791 759 730 709 694 728 743 754 777 801 839 904 922 915 896 868 872 871 855 849 887 913 935 958 961 929 889 839 816 814 825 829 809 824 -9999 -9999 -9999 -9999 -9999 -9999 -9999 -9999 -9999 -9999 -9999 -9999 -9999 -9999 -9999 -9999 -9999 -9999 -9999 -9999 -9999 -9999 -9999 -9999 -9999 -9999 -9999 -9999 -9999 -9999 -9999 -9999 -9999 -9999 -9999 -9999 -9999 -9999
861 814 823 827 793 758 726 718 750 778 783 777 766 730 696 755 779 775 749 735 696 692 716 758 795 783 776 785 821 892 935 950 927 908 919 895 880 879 869 881 908 947 976 935 899 864 843 828 835 839 835 844 -9999 -9999 -9999 -9999 -9999 -9999 -9999 -9999 -9999 -9999 -9999 -9999 -9999 -9999 -9999 -9999 -9999 -9999 -9999 -9999 -9999 -9999 -9999 -9999 -9999 -9999 -9999 -9999 -9999 -9999 -9999 -9999 -9999 -9999 -9999 -9999 -9999 -9999
860 813 772 794 795 772 738 691 720 737 754 744 750 716 678 744 757 744 719 698 682 699 729 762 828 843 835 814 818 886 929 964 961 945 952 936 935 932 886 884 900 943 980 952 932 916 896 886 886 875 869 845 833 -9999 -9999 -9999 -9999 -9999 -9999 -9999 -9999 -9999 -9999 -9999 -9999 -9999 -9999 -9999 -9999 -9999 -9999 -9999 -9999 -9999 -9999 -9999 -9999 -9999 -9999 -9999 -9999 -9999 -9999 -9999 -9999 -9999 -9999 -9999 -9999 -9999
843 819 731 737 768 773 749 682 687 713 738 715 724 708 674 711 713 709 681 671 705 713 729 757 815 847 862 863 853 881 925 965 990 992 993 986 985 973 937 914 901 916 966 979 980 967 924 909 895 875 854 811 806 789 -9999 -9999 -9999 -9999 -9999 -9999 -9999 -9999 -9999 -9999 -9999 -9999 -9999 -9999 -9999 -9999 -9999 -9999 -9999 -9999 -9999 -9999 -9999 -9999 -9999 -9999 -9999 -9999 -9999 -9999 -9999 -9999 -9999 -9999 -9999 -9999
788 807 734 707 716 746 747 680 673 694 722 675 688 693 674 669 668 668 666 694 721 746 752 753 813 851 869 898 899 910 939 975 1000 995 1006 1005 1009 1007 982 958 943 932 942 968 985 985 913 880 853 826 823 790 806 789 -9999 -9999 -9999 -9999 -9999 -9999 -9999 -9999 -9999 -9999 -9999 -9999 -9999 -9999 -9999 -9999 -9999 -9999 -9999 -9999 -9999 -9999 -9999 -9999 -9999 -9999 -9999 -9999 -9999 -9999 -9999 -9999 -9999 -9999 -9999 -9999
746 776 746 705 685 712 724 701 659 666 687 653 643 652 650 662 673 681 700 731 724 755 787 792 797 836 864 899 926 950 974 985 971 948 962 963 961 986 998 997 990 978 968 969 980 985 913 880 853 826 823 790 763 752 748 -9999 -9999 -9999 -9999 -9999 -9999 -9999 -9999 -9999 -9999 -9999 -9999 -9999 -9999 -9999 -9999 -9999 -9999 -9999 -9999 -9999 -9999 -9999 -9999 -9999 -9999 -9999 -9999 -9999 -9999 -9999 -9999 -9999 -9999 -9999
711 739 751 710 672 684 711 690 671 646 643 630 641 655 654 699 720 716 720 753 766 770 799 836 834 838 860 886 923 938 949 956 926 898 917 910 914 940 968 984 975 978 968 969 980 985 913 868 841 820 802 761 739 728 724 -9999 -9999 -9999 -9999 -9999 -9999 -9999 -9999 -9999 -9999 -9999 -9999 -9999 -9999 -9999 -9999 -9999 -9999 -9999 -9999 -9999 -9999 -9999 -9999 -9999 -9999 -9999 -9999 -9999 -9999 -9999 -9999 -9999 -9999 -9999
680 710 719 700 672 663 692 668 661 644 627 657 687 704 689 732 757 759 749 761 797 791 800 834 867 877 895 914 920 890 912 927 897 862 886 910 914 940 968 984 975 967 980 980 983 987 921 884 849 825 797 765 750 754 744 -9999 -9999 -9999 -9999 -9999 -9999 -9999 -9999 -9999 -9999 -9999 -9999 -9999 -9999 -9999 -9999 -9999 -9999 -9999 -9999 -9999 -9999 -9999 -9999 -9999 -9999 -9999 -9999 -9999 -9999 -9999 -9999 -9999 -9999 -9999
661 677 697 676 659 637 677 645 629 624 627 692 728 746 740 748 775 791 786 785 843 834 838 850 884 901 914 901 890 864 912 927 897 862 886 880 875 910 940 949 921 925 947 949 950 963 924 876 850 836 825 811 811 802 764 728 -9999 -9999 -9999 -9999 -9999 -9999 -9999 -9999 -9999 -9999 -9999 -9999 -9999 -9999 -9999 -9999 -9999 -9999 -9999 -9999 -9999 -9999 -9999 -9999 -9999 -9999 -9999 -9999 -9999 -9999 -9999 -9999 -9999 -9999
651 647 674 644 633 622 640 625 605 616 643 697 716 741 751 771 799 824 824 825 852 858 867 871 884 901 914 901 890 864 890 904 880 834 855 855 842 888 905 911 885 879 909 908 903 914 932 915 892 865 852 833 822 806 777 737 -9999 -9999 -9999 -9999 -9999 -9999 -9999 -9999 -9999 -9999 -9999 -9999 -9999 -9999 -9999 -9999 -9999 -9999 -9999 -9999 -9999 -9999 -9999 -9999 -9999 -9999 -9999 -9999 -9999 -9999 -9999 -9999 -9999 -9999
660 625 635 615 605 599 604 595 594 608 617 651 676 706 725 768 785 790 793 825 852 858 867 871 883 883 882 863 850 836 870 891 882 821 819 827 825 858 877 886 864 840 882 868 860 888 916 920 914 906 866 805 778 761 749 706 695 -9999 -9999 -9999 -9999 -9999 -9999 -9999 -9999 -9999 -9999 -9999 -9999 -9999 -9999 -9999 -9999 -9999 -9999 -9999 -9999 -9999 -9999 -9999 -9999 -9999 -9999 -9999 -9999 -9999 -9999 -9999 -9999 -9999
667 636 601 592 595 605 596 604 614 627 625 613 635 706 725 768 785 790 793 792 829 855 864 866 859 867 853 831 816 829 863 881 882 823 795 801 804 828 849 859 839 815 863 854 845 864 871 886 911 911 861 793 764 749 728 727 716 -9999 -9999 -9999 -9999 -9999 -9999 -9999 -9999 -9999 -9999 -9999 -9999 -9999 -9999 -9999 -9999 -9999 -9999 -9999 -9999 -9999 -9999 -9999 -9999 -9999 -9999 -9999 -9999 -9999 -9999 -9999 -9999 -9999
641 628 585 599 627 654 648 651 614 627 625 613 635 661 688 729 746 734 735 750 821 849 835 830 829 850 830 805 798 823 849 860 845 824 792 789 794 816 827 820 818 801 844 835 827 832 849 874 909 907 856 793 775 764 767 736 713 701 -9999 -9999 -9999 -9999 -9999 -9999 -9999 -9999 -9999 -9999 -9999 -9999 -9999 -9999 -9999 -9999 -9999 -9999 -9999 -9999 -9999 -9999 -9999 -9999 -9999 -9999 -9999 -9999 -9999 -9999 -9999 -9999
595 586 584 599 627 654 648 651 660 671 658 639 623 630 649 689 705 697 709 752 818 825 802 793 808 840 822 789 791 811 821 827 822 817 777 774 785 800 808 790 799 790 821 812 810 825 862 875 903 907 878 826 811 807 783 729 726 729 -9999 -9999 -9999 -9999 -9999 -9999 -9999 -9999 -9999 -9999 -9999 -9999 -9999 -9999 -9999 -9999 -9999 -9999 -9999 -9999 -9999 -9999 -9999 -9999 -9999 -9999 -9999 -9999 -9999 -9999 -9999 -9999
595 586 584 617 653 694 704 706 711 705 680 683 668 645 627 647 654 676 713 742 785 794 775 757 796 814 806 783 773 806 808 802 807 806 767 765 785 770 775 762 763 767 789 786 799 824 858 871 876 893 896 848 837 805 766 766 760 741 -9999 -9999 -9999 -9999 -9999 -9999 -9999 -9999 -9999 -9999 -9999 -9999 -9999 -9999 -9999 -9999 -9999 -9999 -9999 -9999 -9999 -9999 -9999 -9999 -9999 -9999 -9999 -9999 -9999 -9999 -9999 -9999
577 586 619 647 678 725 743 755 751 725 696 724 696 665 655 636 632 652 683 707 760 770 753 729 788 795 773 743 783 802 795 778 795 798 757 749 768 742 744 747 763 773 779 781 788 802 835 831 850 862 876 855 829 806 807 792 771 752 725 -9999 -9999 -9999 -9999 -9999 -9999 -9999 -9999 -9999 -9999 -9999 -9999 -9999 -9999 -9999 -9999 -9999 -9999 -9999 -9999 -9999 -9999 -9999 -9999 -9999 -9999 -9999 -9999 -9999 -9999 -9999
593 606 647 676 711 744 768 775 766 735 728 738 694 684 699 671 649 640 646 703 718 737 724 716 784 770 732 728 777 774 763 756 777 778 742 727 731 737 752 776 800 814 819 823 808 799 805 812 831 836 865 864 853 845 831 768 752 736 717 -9999 -9999 -9999 -9999 -9999 -9999 -9999 -9999 -9999 -9999 -9999 -9999 -9999 -9999 -9999 -9999 -9999 -9999 -9999 -9999 -9999 -9999 -9999 -9999 -9999 -9999 -9999 -9999 -9999 -9999 -9999
606 628 661 677 703 739 802 799 769 751 758 740 719 744 750 683 671 674 661 647 671 690 688 702 758 734 710 740 770 748 723 729 742 722 711 717 740 782 786 785 805 833 842 836 820 812 819 819 819 825 861 873 852 821 799 751 727 707 696 -9999 -9999 -9999 -9999 -9999 -9999 -9999 -9999 -9999 -9999 -9999 -9999 -9999 -9999 -9999 -9999 -9999 -9999 -9999 -9999 -9999 -9999 -9999 -9999 -9999 -9999 -9999 -9999 -9999 -9999 -9999
621 655 708 723 720 729 802 816 792 776 773 753 765 777 761 702 710 720 709 668 657 654 665 676 718 697 704 734 734 711 693 699 699 711 733 746 764 818 823 807 802 820 839 835 821 831 841 849 844 851 865 860 833 804 766 726 706 696 689 -9999 -9999 -9999 -9999 -9999 -9999 -9999 -9999 -9999 -9999 -9999 -9999 -9999 -9999 -9999 -9999 -9999 -9999 -9999 -9999 -9999 -9999 -9999 -9999 -9999 -9999 -9999 -9999 -9999 -9999 -9999
646 680 733 754 756 766 805 830 815 798 802 776 775 776 758 752 748 760 758 712 689 669 662 657 677 681 700 698 684 691 697 711 715 749 776 798 812 827 841 843 829 823 850 853 851 849 863 873 873 875 882 849 810 780 766 754 751 736 722 698 -9999 -9999 -9999 -9999 -9999 -9999 -9999 -9999 -9999 -9999 -9999 -9999 -9999 -9999 -9999 -9999 -9999 -9999 -9999 -9999 -9999 -9999 -9999 -9999 -9999 -9999 -9999 -9999 -9999 -9999
686 722 756 778 805 812 836 851 841 830 824 801 803 789 784 784 778 787 782 725 711 705 703 707 662 662 663 678 715 730 754 768 755 748 774 803 826 845 850 853 850 841 875 892 889 883 877 881 880 885 861 851 839 832 819 787 768 740 717 675 -9999 -9999 -9999 -9999 -9999 -9999 -9999 -9999 -9999 -9999 -9999 -9999 -9999 -9999 -9999 -9999 -9999 -9999 -9999 -9999 -9999 -9999 -9999 -9999 -9999 -9999 -9999 -9999 -9999 -9999
687 713 752 770 798 807 838 859 870 856 841 840 837 822 814 799 799 794 790 752 751 748 741 747 716 687 675 689 750 776 791 797 793 776 772 792 819 845 871 882 858 863 887 893 883 885 854 846 847 847 822 841 859 862 847 773 749 722 710 690 -9999 -9999 -9999 -9999 -9999 -9999 -9999 -9999 -9999 -9999 -9999 -9999 -9999 -9999 -9999 -9999 -9999 -9999 -9999 -9999 -9999 -9999 -9999 -9999 -9999 -9999 -9999 -9999 -9999 -9999
648 669 717 739 753 771 809 832 868 883 857 862 862 861 857 849 845 834 812 783 781 787 773 781 750 721 704 684 759 786 800 813 823 823 805 803 804 850 871 893 892 884 880 859 839 847 815 799 829 828 781 801 825 847 854 790 757 731 710 679 663 -9999 -9999 -9999 -9999 -9999 -9999 -9999 -9999 -9999 -9999 -9999 -9999 -9999 -9999 -9999 -9999 -9999 -9999 -9999 -9999 -9999 -9999 -9999 -9999 -9999 -9999 -9999 -9999 -9999
651 659 691 708 724 755 806 840 873 874 864 847 840 838 837 860 853 846 845 811 812 809 797 809 777 758 735 691 736 777 799 795 808 832 836 833 833 856 861 877 864 854 849 835 807 817 785 772 800 816 754 764 788 832 851 787 749 734 722 689 661 -9999 -9999 -9999 -9999 -9999 -9999 -9999 -9999 -9999 -9999 -9999 -9999 -9999 -9999 -9999 -9999 -9999 -9999 -9999 -9999 -9999 -9999 -9999 -9999 -9999 -9999 -9999 -9999 -9999
706 721 724 739 759 772 831 862 866 835 840 821 798 790 794 816 811 801 817 843 841 827 821 819 788 785 770 725 719 748 765 765 778 823 834 832 842 848 859 856 827 817 807 809 780 783 787 754 764 791 746 735 763 800 827 818 775 766 751 697 674 689 -9999 -9999 -9999 -9999 -9999 -9999 -9999 -9999 -9999 -9999 -9999 -9999 -9999 -9999 -9999 -9999 -9999 -9999 -9999 -9999 -9999 -9999 -9999 -9999 -9999 -9999 -9999 -9999
726 753 760 764 779 801 846 850 832 798 816 820 792 768 753 790 791 767 779 822 837 839 825 828 810 808 783 752 699 708 721 734 769 809 817 810 827 848 844 835 814 774 771 780 756 752 766 726 727 760 736 717 743 769 780 833 829 795 757 695 697 707 -9999 -9999 -9999 -9999 -9999 -9999 -9999 -9999 -9999 -9999 -9999 -9999 -9999 -9999 -9999 -9999 -9999 -9999 -9999 -9999 -9999 -9999 -9999 -9999 -9999 -9999 -9999 -9999
710 746 772 783 809 836 820 801 790 772 790 812 802 783 743 755 758 728 744 799 821 833 837 832 819 799 778 750 731 736 716 726 768 786 791 800 827 818 821 831 803 735 735 744 739 728 753 713 704 725 723 700 713 731 764 815 823 790 751 708 717 720 712 -9999 -9999 -9999 -9999 -9999 -9999 -9999 -9999 -9999 -9999 -9999 -9999 -9999 -9999 -9999 -9999 -9999 -9999 -9999 -9999 -9999 -9999 -9999 -9999 -9999 -9999 -9999
713 768 803 831 839 834 784 769 767 747 773 790 795 784 754 709 716 715 745 797 811 819 829 826 811 787 762 743 772 780 761 737 737 753 761 791 813 804 818 828 806 729 708 708 706 698 734 709 682 695 705 680 696 719 751 794 811 793 755 744 747 736 722 683 -9999 -9999 -9999 -9999 -9999 -9999 -9999 -9999 -9999 -9999 -9999 -9999 -9999 -9999 -9999 -9999 -9999 -9999 -9999 -9999 -9999 -9999 -9999 -9999 -9999 -9999
742 771 802 836 828 803 773 746 726 711 747 771 778 756 743 677 682 712 754 770 778 800 826 828 832 811 778 776 790 805 798 780 750 745 751 773 783 796 804 799 803 742 705 692 686 681 719 707 677 679 677 661 691 712 730 777 791 802 787 780 768 744 718 680 -9999 -9999 -9999 -9999 -9999 -9999 -9999 -9999 -9999 -9999 -9999 -9999 -9999 -9999 -9999 -9999 -9999 -9999 -9999 -9999 -9999 -9999 -9999 -9999 -9999 -9999
768 795 820 831 810 783 760 743 721 692 722 758 751 738 739 667 670 708 730 730 759 792 814 828 830 814 790 806 807 821 830 810 797 778 759 755 758 788 787 776 785 751 719 694 670 671 707 702 679 655 663 681 701 711 732 772 790 805 814 804 783 772 742 714 722 -9999 -9999 -9999 -9999 -9999 -9999 -9999 -9999 -9999 -9999 -9999 -9999 -9999 -9999 -9999 -9999 -9999 -9999 -9999 -9999 -9999 -9999 -9999 -9999 -9999
761 791 782 791 794 779 739 717 705 673 697 722 720 714 724 657 655 676 682 721 748 779 800 815 830 823 814 830 836 841 842 831 821 805 800 801 799 790 785 763 745 723 709 700 673 655 685 688 673 648 687 706 723 744 768 799 804 797 812 807 810 794 770 745 742 724 -9999 -9999 -9999 -9999 -9999 -9999 -9999 -9999 -9999 -9999 -9999 -9999 -9999 -9999 -9999 -9999 -9999 -9999 -9999 -9999 -9999 -9999 -9999 -9999
757 761 752 764 775 772 753 738 718 684 660 677 677 688 699 640 649 674 700 746 762 780 799 814 829 830 834 840 840 824 826 823 790 784 792 789 788 784 783 757 721 704 690 688 676 647 662 649 640 641 672 690 707 733 781 797 796 788 804 784 796 792 792 775 747 724 -9999 -9999 -9999 -9999 -9999 -9999 -9999 -9999 -9999 -9999 -9999 -9999 -9999 -9999 -9999 -9999 -9999 -9999 -9999 -9999 -9999 -9999 -9999 -9999
726 738 725 740 763 753 718 729 725 697 633 644 643 676 682 630 650 689 723 749 759 775 788 811 825 831 822 814 820 794 784 781 744 740 749 745 743 751 757 744 717 679 667 665 668 645 633 634 654 677 697 705 720 750 794 790 772 788 792 755 757 754 774 783 760 744 745 -9999 -9999 -9999 -9999 -9999 -9999 -9999 -9999 -9999 -9999 -9999 -9999 -9999 -9999 -9999 -9999 -9999 -9999 -9999 -9999 -9999 -9999 -9999
