Benchmark_data/Basin_HUC5070101/input/flow_accumulation_huc5070101.txt
ncols         960
nrows         614
xllcorner     399646.697198
yllcorner     4140957.492452
cellsize      90
NODATA_value  -9999
[rows 54 to 107 of 614, columns 192 to 287 of 960]
13 6 1 1 1 0 0 0 1 2 1 5 254 2 2 1 0 0 0 1 1 3 10 117 584 2 0 2 3 4 4077 4075 4066 4061 2 1 1 0 1 0 4 3 21 6 5 0 0 0 178 3 1 1 1 0 0 0 0 0 0 1 0 0 0 0 0 0 1 0 0 0 0 0 0 0 6 266 51 47 1 0 0 0 0 0 0 0 1 1 5 -9999 -9999 -9999 -9999 -9999 -9999 -9999
16 7 4 2 3 1 0 0 1 0 2 4 7 261 2 1 1 0 0 0 0 0 1 11 0 4709 4120 4118 4110 4090 3 1 1 2 2518 0 2 1 2 1 35 29 2 1 0 0 185 183 1 1 0 0 0 0 0 0 5 3 1 0 0 0 0 0 0 0 0 0 0 1 1 1 1 1 276 0 1 2 44 3 1 1 1 0 1 0 3 4 7 -9999 -9999 -9999 -9999 -9999 -9999 -9999
0 25 18 9 4 2 0 0 0 1 3 1 1 275 2 2 1 0 0 0 1 2 3 18 1 4712 1 3 14 2 2 0 0 1 1 2514 13 9 6 0 237 200 198 197 195 193 4 1 0 0 0 0 0 0 11 8 1 0 0 0 0 0 1 2 1 2 0 0 1 1 2 2 4 279 1 0 0 1 4 34 3 0 17 14 5 1 0 1 0 1 -9999 -9999 -9999 -9999 -9999 -9999
2 50 4 3 2 0 0 0 1 2 0 0 1 2 282 2 1 1 0 0 0 0 1 19 4719 3 0 2 13 1 0 0 0 0 0 0 2497 2442 0 240 1 0 0 0 0 0 0 0 0 0 0 1 22 17 3 1 0 0 0 1 1 0 1 2 5 4 0 0 1 2 2 6 285 2 3 0 0 0 0 2 29 26 2 0 6 4 1 0 0 1 -9999 -9999 -9999 -9999 -9999 -9999
62 6 2 1 0 1 0 0 0 0 0 0 0 1 290 5 2 0 1 0 1 1 4 4745 2 1 0 1 10 1 0 0 1 2 40 50 2 1 2438 1 0 0 0 0 0 0 0 0 0 1 1 27 1 1 0 0 0 0 1 3 3 0 0 2 3 12 0 1 0 2 9 506 498 206 0 1 0 0 0 0 1 1 2 0 0 0 0 0 0 0 2 -9999 -9999 -9999 -9999 -9999
1 0 2 1 0 0 0 0 2 1 1 1 0 1 0 301 1 0 2 0 1 2 4761 7 1 1 0 0 8 0 0 0 1 36 6 1 1 0 2 2191 1 1 1 0 1 1 1 43 40 37 32 2 0 0 0 0 0 1 3 4 4 1 0 1 7 13 1 2 1 0 520 2 1 1 198 1 1 0 0 0 0 0 0 0 0 0 0 0 0 0 0 -9999 -9999 -9999 -9999 -9999
8 7 6 5 4 2 0 0 1 5 8 2 5 6 7 310 3 0 0 4 2 4767 1 1 6 0 0 0 7 0 0 1 6 26 5 0 0 1 2 11 2176 2 2 1 2 2 48 1 0 0 0 0 0 0 0 0 1 1 6 5 5 2 1 2 8 14 2 3 2 524 1 1 0 0 188 6 3 1 2 0 0 0 0 0 1 1 1 2 0 0 0 0 -9999 -9999 -9999 -9999
19 13 10 5 4 2 0 0 1 2 3 20 23 24 25 0 316 1 1 5 4786 11 0 0 0 5 4 0 1 1 0 3 17 7 3 0 0 1 2 4 6 2165 2162 2157 3 49 0 0 0 0 0 0 0 1 1 1 0 2 2 13 6 3 2 3 1290 1280 1261 1253 1246 1 0 0 0 0 2 184 4 3 0 0 1 1 1 1 2 17 14 8 5 2 0 0 -9999 -9999 -9999 -9999
0 4 1 3 1 0 0 0 1 4 6 1 0 1 2 29 0 5173 4853 4849 0 2 9 8 6 2 1 3 0 0 1 11 4 6 1 0 0 1 3 3 1 1 0 605 1541 1483 4 1 0 1 1 1 1 2 2 2 0 1 6 1367 1352 1341 1327 1300 1 2 3 1 2 712 1 0 0 0 0 3 173 1 1 0 2 2 2 30 24 5 3 1 0 0 0 0 0 -9999 -9999 -9999
0 1 1 0 0 0 0 0 1 0 0 0 0 1 0 31 5182 0 0 0 53 6 1 0 0 2 1 0 2 0 1 8 3 2 2 0 0 2 2 0 0 0 603 0 2 3 1477 1472 1469 2 2 2 2 3 3 3 1 1386 1383 4 2 8 22 2 0 1 2 0 1 706 2 1 0 0 0 1 5 164 154 0 3 41 37 2 1 0 0 0 0 0 0 2 5 -9999 -9999 -9999
1 0 0 0 0 0 1 0 0 0 0 0 1 0 3 5220 0 5 4 2 24 20 5 4 3 2 1 0 1 0 4 2 2 1 0 0 1 1 1 2 3 4 596 0 1 2 3 1 7 1456 1450 1441 1432 1424 1415 1405 1396 1 2 3 1 7 19 1 1 0 1 0 2 3 698 1 2 0 0 0 3 3 4 149 141 95 91 1 0 0 0 0 0 1 0 0 2 -9999 -9999 -9999
2 1 0 0 1 1 2 0 1 2 0 2 3 6 0 5225 3 2 0 1 1 21 19 3 2 1 0 0 0 0 2 1 0 0 0 0 0 0 0 1 2 3 594 0 0 1 2 0 6 4 4 4 3 3 4 3 4 0 1 2 0 6 15 2 0 0 0 1 2 2 695 6 2 1 0 1 0 2 3 2 2 2 1 86 78 1 1 0 3 1 0 0 0 0 -9999 -9999
0 0 0 0 3 2 3 0 1 2 7 0 0 0 5245 10 2 1 1 0 0 5 14 14 3 2 1 0 0 0 0 0 0 0 0 0 0 0 1 2 3 4 588 1 0 0 1 0 4 3 3 3 2 2 3 2 0 2 0 1 0 4 8 5 1 0 0 1 1 0 680 3 2 1 0 0 0 0 2 1 1 1 0 3 2 74 68 5 2 1 0 0 0 0 -9999 -9999
1 0 1 0 5 3 4 1 4 0 0 8 2 5276 28 4 1 0 0 0 0 3 5 7 9 3 2 1 0 0 0 0 0 1 2 1 1 0 1 2 3 8 580 1 0 0 0 0 2 2 2 2 1 1 2 0 0 0 0 0 0 2 1 5 4 0 0 0 0 1 2 675 2 1 0 0 0 0 0 0 0 0 0 1 1 2 1 59 53 2 0 2 0 0 0 -9999
0 1 0 3 10 20 0 0 0 5 1 10 5297 16 6 27 3 2 1 0 0 1 4 2 3 4 2 1 0 1 1 1 0 1 7 2 0 0 0 2 3 0 568 2 1 0 0 0 0 1 1 1 0 0 0 0 0 0 0 0 0 0 0 1 2 2 0 0 2 3 4 671 3 2 1 1 0 0 0 0 0 0 0 0 0 0 0 1 2 44 42 6 1 0 0 -9999
3 2 1 0 0 0 22 1 0 7 5313 5299 0 7 0 5 26 9 5 2 0 1 1 1 1 0 0 0 0 1 4 3 0 0 11 4 1 0 0 1 4 7 3 551 1 1 0 0 0 0 0 0 0 0 0 0 1 2 1 0 0 0 0 0 0 0 0 0 0 1 6 11 649 3 2 1 1 0 1 2 1 0 0 0 0 0 0 0 1 0 3 30 3 2 0 0
0 0 0 3 1 1 23 2 5346 5344 12 8 4 5 0 4 12 2 2 1 1 0 0 0 0 0 0 1 1 2 9 0 1 0 0 22 2 0 0 1 1 2 3 548 2 1 1 1 0 0 0 0 0 1 2 1 5 2 1 0 2 1 0 0 0 0 0 0 1 3 1 1 2 641 2 2 1 2 6 2 0 1 0 2 9 7 3 1 0 0 1 4 20 15 12 5
0 1 0 5 5406 5403 5397 5367 7 8 2 1 0 3 4 3 7 3 1 1 0 0 0 0 0 0 1 3 2 3 10 1 2 1 24 8 2 1 0 0 1 2 2 6 533 7 2 1 1 1 0 0 2 0 5 231 225 5 1 0 5 0 1 1 2 3 1 0 0 0 0 0 0 637 604 2 3 9 1 0 0 1 3 16 2 0 0 0 0 0 0 2 3 1 2 0
431 0 3 5417 3 2 4 8 6 0 6 1 0 2 3 2 5 0 2 0 0 0 0 1 1 1 3 4 92 88 14 0 50 46 15 3 4 1 0 0 1 1 1 2 15 508 502 2 2 0 1 0 1 245 240 1 2 212 202 0 41 33 28 27 7 2 1 0 0 1 2 3 26 0 3 597 10 1 0 0 0 1 25 1 0 0 0 0 0 0 0 0 2 0 0 0
2 436 5423 0 2 1 3 6 0 5 2 2 0 1 2 1 2 1 0 0 0 1 3 1 2 115 107 102 0 2 65 61 6 1 0 1 2 1 0 0 0 0 2 5 8 2 1 496 4 0 2 0 255 4 1 0 1 2 5 197 2 0 1 1 11 3 2 0 0 1 2 17 3 0 1 4 576 1 0 0 1 29 0 0 0 0 0 3 1 0 0 0 0 0 0 0
4 5869 2 1 1 0 2 4 0 1 2 1 1 0 1 0 0 0 0 0 0 1 2 7 10 129 1 1 0 1 2 2 2 2 0 0 0 0 0 0 0 1 1 4 2 1 0 5 484 468 3 0 257 0 1 0 0 1 4 151 0 0 0 0 0 5 1 0 0 3 10 2 2 0 1 1 571 0 0 1 2 31 1 1 0 1 1 6 1 1 1 0 0 0 0 5
3 5872 1 0 0 0 1 2 0 0 0 0 0 0 0 0 0 0 0 0 1 0 0 1 0 131 0 0 0 0 1 1 1 0 0 0 0 0 0 1 0 0 0 2 1 0 1 4 11 2 462 456 2 1 0 0 0 1 1 149 0 0 0 0 0 0 1 0 1 3 1 1 1 0 0 0 4 564 367 365 359 353 2 1 0 2 2 9 2 0 8 4 2 0 0 1
5881 5 4 3 2 1 0 0 0 0 0 1 0 0 0 0 3 0 1 0 1 2 1 0 4 134 1 0 0 0 0 0 0 0 0 1 1 1 1 2 1 0 0 1 0 0 1 7 2 1 4 1 191 2 1 0 0 0 1 2 142 1 1 1 0 0 0 0 0 1 0 0 0 0 1 2 0 195 0 2 1 1 313 308 0 3 196 26 15 10 0 0 0 0 0 2
5898 9 5 4 2 0 0 0 0 1 3 0 0 1 1 0 6 2 0 0 1 2 3 2 140 7 6 5 3 1 0 0 0 0 1 1 4 2 2 3 2 2 0 0 0 0 1 4 1 0 3 0 187 3 2 1 0 0 1 1 6 131 6 1 1 0 0 0 0 0 0 0 0 0 0 1 2 189 2 1 0 0 2 0 303 198 0 165 164 0 6 4 2 0 0 1
3 2 2 1 0 0 0 1 1 6 1 0 1 2 2 1 10 1 0 0 1 2 3 7 154 4 3 2 1 0 0 1 1 0 2 7 0 8 83 79 67 65 4 1 0 0 0 2 0 2 0 1 180 2 1 0 0 0 0 1 1 1 121 9 6 4 2 0 0 0 1 2 0 1 1 2 181 1 1 1 0 0 0 0 99 3 2 1 1 160 2 1 0 0 0 0
2 1 1 0 0 0 0 3 2 9 1 0 2 3 3 13 2 0 0 1 1 2 7 168 4 3 2 1 0 0 1 6 0 0 1 0 10 94 0 3 0 1 54 2 1 0 0 0 1 0 1 2 176 1 0 1 1 0 0 0 0 0 0 108 3 2 1 0 0 1 1 2 3 1 4 165 2 8 0 0 0 0 2 4 6 81 0 0 0 5 143 0 1 1 0 0
2 0 0 0 0 1 0 5 3 12 0 0 4 4 18 4 0 0 1 1 2 5 209 30 26 23 20 15 14 12 8 0 0 0 0 3 113 2 1 1 0 0 48 1 0 0 0 0 0 2 5 8 8 152 8 5 2 1 0 0 1 2 3 103 4 1 0 0 1 4 8 14 19 25 28 130 0 0 7 6 1 0 0 2 2 76 2 0 0 3 141 2 2 1 1 0
0 0 0 1 1 2 0 7 17 1 0 0 6 24 5 0 0 0 1 2 227 215 2 0 2 1 1 3 1 0 0 0 0 0 2 0 117 2 1 0 0 1 47 4 3 1 0 0 0 1 1 2 4 4 137 3 2 1 0 0 1 2 3 89 0 1 0 0 0 0 2 0 0 0 0 129 2 1 0 1 1 0 1 1 2 75 0 0 0 1 3 133 2 2 1 0
0 0 1 2 2 3 1 8 18 2 1 1 7 31 1 1 0 1 2 231 4 1 1 1 0 0 0 0 0 0 0 0 2 0 0 122 2 1 0 0 0 0 1 37 19 16 2 0 0 0 1 1 1 3 128 3 2 1 0 0 1 3 5 81 1 0 1 0 0 0 0 0 3 5 7 125 2 1 0 0 0 0 0 1 1 66 1 0 0 0 1 4 121 114 1 0
0 1 2 3 1346 1342 1335 1328 1315 1290 1283 1263 0 34 2 0 1 2 3 239 1 1 0 0 0 0 0 0 0 0 2 1 3 0 2 129 2 1 0 0 0 0 9 5 0 1 11 5 0 0 0 0 2 1 3 123 1 0 0 0 0 0 1 78 0 2 5 4 1 0 0 1 0 0 0 113 2 1 0 0 0 0 0 0 1 1 61 1 0 0 0 2 2 2 106 0
1408 1397 1388 1380 21 1 3 2 4 2 1 14 1251 1209 1203 1193 0 7 243 2 0 0 0 0 0 1 1 1 1 1 3 2 4 208 206 68 56 2 1 1 0 0 6 1 2 0 2 1 3 0 0 1 0 0 0 120 0 1 1 0 0 0 1 63 10 6 0 0 0 0 0 0 0 1 2 104 3 2 1 0 2 0 0 0 0 1 56 1 0 0 0 0 1 1 2 100
8 2 2 10 20 0 2 1 3 1 0 13 5 4 3 1 1188 246 1 0 0 0 0 1 1 2 2 2 2 2 4 224 220 2 0 2 10 52 2 1 0 0 0 4 0 1 1 0 0 0 0 1 0 0 1 111 3 0 2 2 0 0 0 60 0 0 1 5 2 0 0 1 1 2 3 38 61 1 0 1 3 2 0 0 0 0 4 48 2 0 0 0 0 1 1 6
7 1 1 9 17 1 1 0 2 0 1 10 4 3 2 0 929 2 1 0 0 0 2 2 2 668 664 653 3 3 233 1 1 0 1 1 1 7 48 3 1 1 0 1 1 0 0 0 0 0 0 0 2 1 110 42 39 10 6 2 0 0 1 1 53 2 10 3 2 0 0 2 9 12 30 2 1 56 53 50 34 27 1 0 0 0 1 36 7 3 1 0 0 0 1 3
6 0 0 8 12 3 0 0 1 0 5 3 3 2 1 0 4 923 2 1 0 1 3 682 675 0 2 3 645 640 0 0 0 0 0 0 0 1 4 41 4 1 0 0 0 0 0 1 2 1 0 2 35 55 8 0 0 27 18 8 0 0 0 0 3 44 2 1 0 0 0 3 1 14 1 1 0 1 1 4 3 5 20 2 0 0 1 1 31 2 1 0 0 0 0 1
4 0 0 6 4 6 2 0 0 2 1 2 2 1 0 2 0 2 915 781 780 697 688 1 3 0 1 2 3 400 10 3 2 1 0 0 0 0 2 2 32 2 1 0 0 0 0 1 4 10 0 30 14 0 0 6 2 2 1 8 6 1 0 0 0 11 17 3 2 0 1 0 1 2 8 0 0 0 0 3 2 2 1 15 0 0 0 1 8 19 10 7 1 0 0 1
1 1 0 4 3 2 2 0 0 0 0 1 1 0 1 0 1 0 129 2 80 1 2 0 0 1 0 1 2 388 0 5 4 3 2 0 0 0 0 1 5 22 6 4 2 0 0 2 4 5 28 0 13 2 4 0 1 1 0 2 4 2 0 0 2 7 8 3 1 0 0 0 0 0 0 6 1 0 0 1 1 1 0 11 1 0 0 1 5 5 1 1 3 1 0 0
0 0 1 1 2 1 0 0 0 0 0 0 0 0 0 1 2 3 127 1 0 78 0 1 0 0 0 1 1 386 23 22 21 20 18 13 1 0 0 0 3 7 6 4 2 0 0 0 0 4 10 7 0 1 2 0 0 0 0 0 2 0 0 0 2 3 5 1 0 0 0 0 0 0 0 0 3 2 1 0 0 0 0 2 6 1 0 0 3 3 0 0 0 0 0 0
0 0 0 0 1 0 1 0 1 1 1 0 0 0 0 1 2 11 109 0 0 74 2 1 0 0 0 0 1 2 356 0 1 0 0 3 9 2 1 0 1 1 4 0 0 0 0 1 2 1 2 4 1 0 0 0 0 0 3 1 0 1 0 0 0 2 2 1 0 0 0 2 1 3 1 0 2 1 0 0 0 0 0 0 2 0 0 0 1 1 0 0 0 0 0 0
2 1 0 0 0 0 0 3 3 2 2 2 2 0 0 0 5 1 107 0 0 1 70 2 1 0 0 0 0 2 348 5 2 1 0 0 1 5 0 0 0 0 0 2 1 0 0 0 0 0 0 1 1 0 0 0 0 2 19 13 0 0 0 0 0 0 0 0 0 0 3 4 8 6 3 3 2 1 0 0 0 2 0 0 0 0 0 0 0 0 0 1 2 1 2 1
5 1 1 0 0 0 1 2 7 7 6 3 1 0 0 3 0 0 103 1 0 0 5 60 53 2 0 0 0 1 0 341 1 0 0 0 0 0 2 1 0 0 0 0 0 0 0 1 1 0 0 1 0 0 0 2 4 24 0 0 11 9 3 0 0 0 0 1 0 0 0 1 2 19 8 3 0 0 0 0 1 5 0 0 0 1 2 0 0 0 0 1 2 8 2 0
8 2 1 1 0 0 0 1 2 11 19 2 1 0 0 0 2 3 100 1 0 0 3 2 2 48 44 0 0 1 3 335 2 1 1 2 1 0 0 0 0 1 1 1 1 0 1 3 2 6 3 0 0 0 0 1 32 0 1 0 0 1 0 0 0 2 3 0 0 0 0 1 2 23 13 1 1 1 0 0 3 7 0 0 1 3 4 1 2 0 0 1 4 15 1 0
18 2 2 1 0 0 1 2 3 0 35 2 0 0 0 0 0 1 6 86 0 0 1 1 1 2 2 38 0 0 1 4 325 7 4 0 0 1 0 1 0 3 2 2 2 0 3 7 7 2 1 0 0 0 1 2 33 3 0 0 0 0 0 0 0 4 5 0 1 1 0 0 1 26 16 2 2 0 1 0 13 1 0 0 1 11 2 3 0 0 0 1 2 24 3 0
22 6 2 1 0 1 0 0 0 4 40 5 3 1 0 0 2 4 0 84 1 0 0 0 0 1 1 35 1 0 0 0 316 0 0 0 1 2 1 2 1 4 3 3 3 1 4 22 5 1 0 0 0 2 0 3 66 28 4 1 1 0 0 0 2 6 6 1 2 2 1 0 0 1 47 3 1 0 2 1 16 1 0 0 1 17 4 1 1 0 0 0 1 2 29 4
30 0 0 2 1 2 1 0 1 1 52 4 3 2 0 0 0 0 1 81 2 1 0 0 0 0 0 33 0 0 2 5 313 0 1 1 2 3 2 3 2 5 4 4 195 190 184 3 2 1 0 1 1 3 1 74 2 2 18 13 8 2 0 0 1 5 14 2 3 3 2 0 1 0 54 2 1 0 3 2 19 1 0 0 1 25 5 2 1 0 0 1 0 0 3 44
32 1 0 3 2 3 2 1 0 4 63 4 3 2 1 0 0 1 2 72 9 7 5 1 0 0 1 32 0 0 1 1 2 301 278 2 3 4 3 235 230 223 209 206 2 2 2 148 2 1 0 2 96 89 84 0 1 1 1 1 1 3 0 0 1 2 6 18 4 4 3 0 1 2 56 3 2 1 4 3 22 1 0 1 2 32 0 2 0 1 1 2 0 1 50 7
33 2 1 4 3 4 3 2 1 84 14 10 6 2 1 0 0 1 48 12 9 0 0 1 0 0 2 24 0 0 0 1 1 15 5 272 267 258 243 2 2 1 1 1 1 1 1 2 141 113 110 109 0 3 5 1 0 0 0 0 0 0 0 0 1 0 4 7 24 5 4 0 3 1666 1662 1601 1592 1585 1567 1561 25 0 1 2 3 34 3 0 1 2 2 3 1 0 229 170
34 3 2 5 4 5 4 3 91 3 1 2 2 2 0 0 2 4 40 0 0 8 5 2 0 0 1 19 1 0 0 0 1 10 4 3 3 4 3 1 1 0 0 0 0 0 0 1 25 0 1 2 4 2 1 0 0 0 0 0 0 0 0 0 0 2 0 5 33 6 5 1 1673 1 2 3 2 8 5 4 1525 1522 1508 1500 4 39 0 1 2 3 3 4 243 240 0 4
2.5692e+05 4 16 12 5 11 4 94 1 0 0 0 1 1 0 0 0 0 39 2 1 0 1 1 0 0 1 1 14 7 0 0 1 7 3 2 2 3 1 0 0 0 0 0 0 0 0 22 0 0 0 1 3 0 0 0 0 0 3 1 0 0 1 1 1 1 3 1 8 1745 1703 1688 3 0 1 2 1 7 4 3 1 11 4 3 1487 1485 4 0 3 267 262 251 4 6 0 3
3 2.5688e+05 2.5686e+05 2.5685e+05 2.5684e+05 113 95 0 0 0 1 0 0 0 0 0 1 3 3 26 3 2 1 0 0 0 0 0 1 2 5 0 0 5 2 1 1 1 0 0 0 0 1 1 1 1 0 2 17 1 0 0 0 1 0 1 0 1 7 1 0 0 1 2 2 2 2 4 1760 4 7 3 3 2 0 1 0 6 3 2 0 10 3 2 0 2 1436 278 273 4 0 1 3 4 0 2
2 0 4 15 1 2.5672e+05 3 1 1 2 3 2 0 0 0 0 0 0 1 16 4 1 0 0 0 0 0 0 0 1 1 2 0 3 1 0 0 0 0 0 0 2 4 13 10 1 0 1 1 12 2 1 0 0 0 1 4 6 12 0 1 0 1 4 3 3 3 1769 4 3 3 2 2 2 1 0 0 4 2 1 0 8 2 1 0 0 0 1155 0 0 2 0 2 2 0 1
1 0 2 14 0 1 2.5671e+05 12 9 5 0 0 1 1 1 0 0 0 0 11 3 1 0 0 0 2 2 1 0 0 0 1 1 0 0 0 0 0 0 1 2 3 23 1 0 5 1 0 0 2 5 2 0 0 0 1 3 4 25 1 2 0 1 2 5 4 4 1783 3 3 2 2 1 1 1 0 0 2 1 0 1 5 1 0 2 3 4 1148 2 1 0 1 1 0 0 0
0 1 12 0 0 0 1 2.567e+05 0 0 1 0 2 2 3 1 0 0 0 1 6 2 0 0 1 7 4 1 0 0 0 0 0 0 0 0 1 2 1 2 3 29 0 1 0 1 0 0 0 0 0 0 0 0 2 0 0 1 2 28 3 1 0 0 3 6 1805 7 3 2 2 1 1 0 0 0 0 0 0 0 2 1 0 1 0 1 2 1144 3 2 1 0 0 0 0 0
0 0 10 0 4 9 10 24 2.5667e+05 5 1 0 3 7 4 1 1 0 0 0 3 1 0 0 2 15 2 1 0 2 0 0 0 0 1 1 1 5 2 7 30 5 4 3 2 0 0 0 0 0 0 0 0 0 4 0 0 1 2 6 33 2 0 1 3 1819 1 2 2 2 1 1 0 0 0 0 0 0 0 0 0 0 0 0 4 5 10 1136 3 2 1 0 0 0 1 1
0 9 1 2 3 2 9 12 5 2.5666e+05 1 42 37 26 8 7 4 2 0 0 1 0 0 0 1 22 0 0 0 3 2 0 0 1 1 2 2 8 11 0 37 3 2 1 0 0 0 1 1 0 3 1 0 0 5 1 0 0 0 1 9 47 0 1 1829 4 2 0 1 1 1 0 0 0 0 3 3 1 0 0 0 0 0 2 2 3 0 1117 2 1 0 1 0 0 3 5
