Benchmark_data/Basin_HUC5070101/input/flow_accumulation_huc5070101.txt
ncols         960
nrows         614
xllcorner     399646.697198
yllcorner     4140957.492452
cellsize      90
NODATA_value  -9999
[rows 216 to 269 of 614, columns 576 to 671 of 960]
0 0 2 2 0 1 0 3 2 0 1 2 5420 3 2 1 0 0 0 1 5 8 12 3621 0 0 1 1 1 0 5 3368 3 0 1 3 3 0 2 4 9 4 0 0 1 3 199 4 0 0 0 0 1 0 0 0 0 1 1 2 2 3 10 93 0 0 0 0 0 0 1 3 1 0 0 0 0 1 1 5 0 0 13 1 0 1 4 1 0 0 1 2 0 39 1052 2
0 0 1 5 4 0 2 5 0 3 0 4 5434 3 2 1 0 0 0 2 1 2 1 3 3600 3569 3558 2 2 3482 3480 6 1 0 0 2 1 0 1 3 8 2 0 0 2 2 8 185 3 1 0 3 5 3 1 0 0 0 1 1 2 7 1 87 3 1 1 1 0 1 2 9 2 0 0 1 1 1 2 8 1 0 0 18 1 0 0 5 8 10 0 0 5 1095 1 18
0 0 1 2 9 15 17 27 29 30 35 36 5441 5 4 3 2 0 0 0 1 0 2 8 20 3 4 3552 3493 4 5 91 5 0 0 0 0 0 0 2 7 0 0 1 1 3 0 65 114 6 4 10 3 2 1 0 0 0 0 1 4 1 0 3 82 68 59 1 0 2 17 3 2 0 0 2 7 2 0 12 3 0 0 0 21 25 0 1 0 1 13 15 1105 2 1 0
0 0 1 2 3 4 0 0 0 0 1 5492 6 5 4 3 2 1 0 0 0 1 7 5 13 2 3 57 1 3 4 7 82 3 1 0 1 0 0 0 5 0 0 0 2 4 5 58 2 103 12 0 0 0 0 0 1 0 0 0 2 0 2 2 9 3 3 52 39 27 2 1 0 0 0 1 2 11 1 13 5 0 0 0 0 2 27 0 2 0 1 1129 4 3 0 0
1 0 0 1 2 3 9 11 13 1 2 3 5504 10 9 8 5 2 0 0 2 6 4 0 11 1 2 56 0 2 3 6 3 77 69 5 2 1 0 1 0 1 0 1 3 0 26 30 1 0 88 3 1 1 1 2 1 0 0 0 0 1 1 5 2 2 2 2 7 7 5 1 0 0 0 0 0 6 21 14 7 1 0 0 0 1 5 29 3 0 1 1134 1 0 1 0
0 0 0 2 4 7 8 11 12 14 15 16 5509 3 2 1 1 1 0 0 2 2 0 2 7 0 1 54 0 1 2 5 2 1 4 62 3 2 1 0 0 0 1 2 0 1 24 29 0 0 2 79 3 0 10 4 1 1 0 0 0 0 1 2 1 1 1 1 1 4 6 2 0 0 2 1 1 0 1 39 12 1 1 0 0 0 2 10 41 4 5 1139 3 2 1 0
1 0 0 0 1 0 1 0 1 13 14 5549 6 4 1 0 0 0 0 0 0 1 1 4 1 0 3 49 0 0 1 4 1 0 3 3 53 3 2 1 0 0 1 3 6 10 10 17 10 0 0 1 72 28 10 9 8 5 3 1 0 0 0 0 0 0 0 0 0 3 3 1 0 0 1 5 8 9 0 0 57 2 1 0 0 0 0 1 2 45 1197 4 3 2 1 0
1 0 0 0 0 1 2 0 0 2 3 5551 0 0 1 0 0 0 0 0 0 0 0 2 0 2 2 42 1 0 0 3 0 0 1 2 44 3 2 1 0 0 0 1 2 3 5 16 8 0 0 1 2 37 5 4 3 2 1 0 0 0 0 0 0 0 0 0 0 1 1 0 0 0 1 2 3 4 15 17 76 2 1 0 1 0 0 0 1 2 1201 2 1 0 0 1
3 1 0 0 0 0 1 3 1 1 5692 133 132 0 0 0 1 2 1 0 0 0 0 0 1 1 7 21 11 1 0 1 0 0 1 2 11 28 3 2 1 0 0 1 2 3 0 15 6 0 0 1 2 6 26 0 0 0 0 0 1 1 1 1 1 1 2 0 0 0 0 0 0 1 2 3 4 5 6 7 32 80 2 1 2 1 0 0 0 1 1204 31 27 26 22 14
6 1 1 0 0 1 2 5 10 13 5699 4 0 130 4 2 3 2 1 1 1 0 0 0 0 2 3 3 16 8 1 0 0 0 1 7 2 13 9 2 1 0 0 1 2 2 7 6 4 0 0 1 2 2 24 1 1 2 0 1 2 2 2 2 2 2 4 1 0 0 0 0 2 0 1 2 3 4 11 23 0 45 134 137 3 2 1 1 0 0 1206 34 1 0 1 4
131 2 1 0 0 1 2 3 4 5720 0 0 2 1 123 117 108 8 5 2 1 1 0 0 0 0 2 2 4 10 5 1 0 0 4 1 1 3 8 5 1 0 0 1 1 3 3 1 1 1 0 1 1 1 2 16 5 1 0 0 5 3 3 3 3 8 2 1 1 1 0 0 1 3 0 1 3 5 6 3 0 9 3 0 146 154 157 2 1 189 1397 36 0 1 0 0
144 5 1 0 0 1 2 3 4 5731 4 3 2 0 1 2 3 95 68 2 2 1 2 0 0 0 0 1 3 3 5 2 0 0 2 0 0 2 1 5 2 0 0 0 2 1 0 0 0 0 0 0 0 0 0 3 3 0 0 0 7 4 8 0 0 13 5 2 5 2 0 0 1 6 0 0 0 2 2 2 0 7 2 4 1 0 16 181 186 1 1402 42 4 1 0 0
12 164 3 1 0 0 1 2 3 5739 2 1 0 1 0 1 2 2 22 64 6 3 2 1 0 0 0 0 1 2 2 1 0 0 0 0 0 0 0 1 2 0 0 1 0 0 0 0 0 0 0 0 0 0 1 0 0 0 0 1 1 13 9 1 1 20 3 9 2 1 0 0 0 10 1 0 0 0 1 1 0 5 1 3 0 2 11 2 3 0 1 1452 3 2 1 1
0 166 4 3 0 0 1 0 1 5744 3 2 1 0 0 0 1 1 2 18 53 6 2 1 1 0 0 0 0 1 1 0 0 0 0 1 0 0 0 0 0 0 0 0 1 2 5 1 1 0 1 2 1 1 0 0 0 0 0 2 5 22 10 2 51 27 20 7 2 1 0 0 1 0 14 0 0 0 0 0 1 2 0 2 1 3 6 1 2 0 0 4 1462 3 2 2
1 2 175 5 0 0 0 2 5796 48 47 4 3 2 1 0 0 0 1 3 13 45 28 2 1 1 1 0 0 0 0 0 0 1 2 2 2 1 0 0 0 0 1 0 0 1 2 8 2 0 1 5 4 2 0 0 0 2 0 1 2 0 37 56 3 1 1 1 3 1 0 0 2 2 16 2 3 1 0 0 0 0 1 0 2 3 1 0 1 1 3 1 2 1469 3 2
0 1 2 185 1 0 2 7 5803 5 3 41 2 1 0 0 0 0 0 1 12 2 12 24 18 13 5 3 1 0 0 0 1 1 2 6 5 1 0 1 1 3 1 0 0 1 2 6 12 0 1 4 14 1 0 0 1 4 0 0 1 5 98 1 0 0 0 0 0 0 0 0 0 3 23 7 2 1 0 0 0 0 0 1 1 0 0 0 0 0 0 1 1 1 1481 4
0 1 2 5 194 0 1 5814 1 0 0 2 37 26 1 1 0 0 0 5 5 1 3 7 2 1 4 2 0 0 0 1 3 2 2 10 8 0 1 2 6 2 1 0 0 0 1 2 10 14 0 0 25 1 0 0 1 4 5 1 0 1 120 14 10 7 4 2 0 0 0 1 1 5 35 2 1 0 0 1 1 0 0 0 0 1 0 0 0 0 0 0 0 1 1484 176
0 0 1 0 1 197 6021 5 4 1 0 1 2 6 23 4 2 0 0 3 4 0 2 4 1 1 0 0 0 0 1 1 2 7 11 3 21 0 2 3 15 4 1 0 0 2 0 0 0 27 0 1 26 1 0 0 1 2 5 6 2 123 2 1 2 1 1 0 0 0 1 1 2 48 3 2 1 0 0 3 3 1 0 0 0 1 4 7 1 1 0 0 0 0 1486 184
1 0 0 0 1 0 6022 13 9 1 0 0 1 2 2 15 6 3 0 2 1 1 1 2 0 0 0 0 0 0 1 2 0 0 1 14 26 1 3 25 4 3 2 0 0 1 5 1 3 0 28 1 31 1 0 0 1 2 6 6 10 134 1 0 0 1 0 0 0 1 0 3 63 4 3 2 1 0 0 2 16 2 0 1 0 1 5 6 17 2 1 1 0 0 1676 2
17 3 0 1 0 4 6044 2 2 8 5 2 0 1 1 5 1 1 1 1 0 0 0 0 0 0 0 0 2 0 1 5 0 1 0 1 42 6 31 4 3 2 1 0 0 1 2 9 10 15 1 29 36 2 1 0 0 0 1 16 153 6 4 3 2 0 0 0 1 2 0 0 69 3 2 1 0 0 1 2 25 4 3 0 0 2 1 4 5 24 30 2 0 1 1681 1
2 25 1 0 2 6055 2 3 1 1 1 1 1 0 0 1 2 0 0 0 0 0 0 0 0 1 1 0 4 0 1 2 7 2 0 0 45 44 4 3 2 1 0 0 0 1 2 4 6 8 27 30 37 4 0 0 1 1 0 176 3 2 5 2 0 0 0 0 3 3 0 1 76 3 2 1 0 0 1 0 27 0 0 0 0 0 1 2 5 7 18 52 56 58 1747 5
1 0 28 1 6062 2 1 1 2 0 0 0 0 0 0 0 0 0 0 0 0 0 2 1 1 4 0 0 2 8 0 0 12 3 1 0 98 5 4 3 2 1 0 0 1 0 0 0 0 1 3 34 104 6 0 1 0 2 2 191 1 0 1 1 0 0 0 1 5 4 0 1 81 3 2 1 0 0 1 2 29 1 1 1 0 0 1 1 0 9 1 3 7 9 1763 4
1 5 29 6071 5 1 1 0 0 1 0 0 0 1 0 0 0 0 2 0 0 1 1 5 2 6 0 0 1 14 1 0 0 17 0 102 15 13 10 6 2 1 0 0 2 6 0 0 0 0 1 1 4 120 2 0 0 1 198 3 11 1 0 0 0 0 2 4 13 5 0 85 11 8 5 1 0 0 1 4 35 8 5 2 0 0 0 2 8 0 2 2 0 1 1767 0
3 6114 6073 0 2 0 0 0 0 0 0 1 1 3 0 1 1 4 2 0 0 1 2 8 3 8 0 0 0 1 19 1 0 1 19 122 2 0 1 2 2 1 0 0 0 8 2 0 0 0 0 1 1 124 1 0 0 3 207 3 2 8 1 0 0 0 2 0 1 20 0 101 1 1 1 2 0 0 0 0 54 2 1 0 0 0 1 2 1 1 0 0 0 0 1778 8
21 6118 2 1 0 0 0 0 1 1 1 2 2 5 0 2 7 3 1 0 0 1 2 12 13 1 1 0 0 0 1 24 2 1 145 1 0 1 0 0 1 0 0 0 1 2 12 1 1 0 0 0 0 1 129 1 1 216 3 2 2 1 5 3 0 0 0 4 5 8 135 1 0 0 0 0 0 0 2 4 58 2 1 0 0 0 1 0 0 0 1 2 3 4 1791 6
6353 211 207 0 0 0 1 1 2 2 2 3 3 7 0 11 4 2 0 0 1 0 3 20 14 2 2 2 0 0 1 0 25 5 148 2 1 0 0 2 1 0 0 1 1 2 16 2 3 0 0 0 0 1 2 135 225 5 1 0 1 1 0 0 0 0 0 1 2 3 144 3 2 1 0 0 0 0 1 2 72 4 3 2 0 0 0 0 0 1 2 0 1 2 1800 4
2 1 2 205 201 134 133 130 125 117 97 92 85 67 18 5 5 1 1 2 0 0 2 3 36 3 6 2 0 0 1 0 1 181 14 10 9 8 6 2 1 0 0 1 4 5 9 20 4 2 1 0 0 0 1 381 16 0 2 1 0 0 0 0 0 0 1 0 0 1 160 12 11 10 4 2 0 0 1 2 75 1 0 0 0 2 1 0 0 0 1 5 6 7 1813 3
6 0 1 2 1 61 0 1 3 11 0 1 2 5 46 40 25 20 6 2 0 0 1 2 7 41 10 1 0 0 0 2 6 222 24 6 5 4 3 2 1 0 0 2 3 4 12 27 57 65 1 0 0 0 1 385 2 14 11 1 0 1 0 0 1 1 3 0 1 2 167 2 1 0 4 1 0 0 1 2 83 3 2 0 0 2 6 2 0 0 1 2 3 4 1822 2
2 2 0 1 0 58 0 0 2 6 3 0 1 4 4 3 3 3 10 2 0 0 1 2 3 12 56 0 0 0 1 1 236 3 1 16 13 11 3 2 1 0 0 1 2 6 3 0 1 0 67 0 0 1 390 13 10 1 1 8 4 1 0 0 2 5 8 14 0 0 172 3 2 1 0 1 0 0 1 2 90 2 1 0 0 0 13 0 0 0 1 2 3 4 1830 1
18 1 1 0 0 55 1 0 1 3 1 2 0 3 3 2 2 2 4 1 0 0 0 1 2 6 79 1 0 0 1 2 242 0 0 0 1 0 6 3 1 0 0 1 2 0 1 0 0 1 69 1 1 0 408 0 1 9 0 0 2 1 0 0 2 5 8 9 25 28 175 1 0 0 0 0 0 0 1 2 97 2 1 0 0 2 15 1 0 0 1 2 3 4 1839 2
2 14 0 0 2 50 2 1 0 0 2 0 1 2 2 1 1 1 2 0 0 0 0 1 2 0 81 1 0 0 1 248 17 3 2 1 0 0 0 0 0 0 0 0 0 0 0 1 2 3 76 2 0 414 0 1 0 0 8 7 4 1 0 0 1 1 2 5 8 44 179 2 1 1 4 2 0 0 1 2 106 1 0 0 0 4 18 1 0 0 0 1 2 3 1844 1
1 12 0 1 0 5 39 4 3 2 1 1 0 1 1 0 0 0 0 0 0 1 3 4 5 6 7 84 1 1 2 270 2 16 11 3 2 1 0 0 0 0 1 2 1 0 0 1 2 0 1 82 0 415 4 3 2 1 0 0 0 1 0 0 0 1 1 1 2 2 231 3 2 5 0 0 0 0 1 2 110 2 1 0 0 26 2 1 0 0 1 0 1 2 1848 2
0 9 1 0 0 3 24 8 4 3 1 0 0 0 0 0 0 0 0 0 0 1 4 6 8 10 12 109 2 2 277 2 1 1 3 6 4 2 0 1 0 1 3 8 2 0 0 2 4 8 11 12 83 452 29 2 1 0 0 0 2 1 0 0 0 0 0 1 1 2 5 243 6 1 1 1 0 0 1 2 116 1 0 0 1 32 2 0 1 1 0 2 0 0 1850 3124
0 4 2 0 2 1 9 11 2 1 0 0 0 0 0 1 1 1 1 1 0 1 0 0 0 0 1 2 113 289 7 5 0 0 0 2 0 0 0 0 3 11 0 9 1 0 0 0 0 1 0 1 558 5 4 25 21 17 12 10 2 0 0 1 0 0 0 0 1 1 2 250 2 2 2 1 0 0 1 2 125 1 0 0 1 35 4 0 2 2 1 0 3 1 4987 10
1 1 1 1 0 1 6 4 5 0 0 0 0 2 1 2 2 2 4 0 0 0 0 0 0 0 0 1 2 405 0 0 3 2 1 0 1 0 0 0 0 0 13 14 1 0 0 0 1 2 3 4 566 1 0 3 2 2 2 0 2 0 0 4 2 0 0 0 0 1 2 3 265 3 2 2 0 0 1 2 132 2 1 0 0 1 41 1 0 6 2 1 4 4994 3 2
0 0 0 0 0 2 2 3 2 0 0 0 2 3 2 3 3 12 3 0 0 2 1 1 2 0 0 1 5 410 3 2 1 0 2 1 0 0 0 1 1 2 29 2 1 0 0 2 3 4 5 6 570 2 1 0 2 1 1 1 0 0 0 1 9 1 0 0 0 1 2 2 272 7 3 1 0 0 1 2 138 1 0 0 1 0 45 2 0 5045 5036 5032 5029 12 8 1
0 0 0 0 0 0 1 2 0 0 0 1 1 7 3 8 16 2 1 0 0 1 7 10 16 18 19 0 7 411 2 1 0 5 1 0 0 0 1 1 4 40 6 2 1 0 0 0 1 2 3 582 7 6 5 3 1 1 0 0 0 0 0 1 14 3 1 0 0 1 1 1 2 286 4 1 0 0 1 2 143 0 0 1 0 2 5108 5061 5057 9 8 3 15 1 0 7
0 0 2 1 0 0 0 0 0 0 1 3 2 2 42 20 2 1 0 0 0 1 0 1 2 0 0 21 0 437 13 12 11 3 1 0 0 1 1 2 51 3 2 1 0 0 1 0 0 1 2 598 3 2 1 0 0 0 0 0 0 0 1 2 3 21 2 0 0 0 0 0 1 289 2 1 0 0 0 0 144 0 1 2 1 5121 8 7 3 0 3 2 4 9 0 3
1 2 3 2 2 0 0 0 0 0 1 2 7 64 49 5 4 3 2 0 0 2 4 6 9 15 19 20 482 3 2 1 0 0 0 0 0 1 2 2 59 2 1 0 0 1 2 1 0 1 2 602 2 1 0 0 0 0 0 1 1 1 0 0 1 33 1 0 0 0 1 2 3 294 5 1 0 0 1 1 146 1 5199 5196 5192 67 66 2 0 0 2 1 3 7 0 2
3 9 4 3 4 0 1 2 0 0 1 2 3 65 1 0 0 1 0 0 0 0 0 1 1 1 1 2 490 3 2 1 0 0 0 0 1 1 2 66 3 2 1 0 0 3 5 0 0 1 5 606 2 1 0 0 2 1 0 2 2 2 1 0 1 36 2 1 0 0 0 0 1 297 6 1 0 1 5385 5382 5232 5231 23 16 6 0 1 63 1 0 1 0 2 4 1 1
3 4 15 42 11 9 8 2 0 0 0 1 2 75 0 1 2 1 0 0 0 0 0 0 0 0 0 1 2 505 6 5 4 2 0 0 1 2 2 79 4 1 0 0 0 12 1 0 0 1 631 15 14 12 10 7 2 0 0 1 6 5 0 0 0 1 42 1 0 0 1 3 4 303 7 2 5399 5398 9 8 1 4 5 8 3 0 0 59 2 1 0 0 1 1 1 0
3 4 5 43 0 0 0 0 0 0 2 0 0 77 3 8 4 1 0 1 0 1 1 0 0 2 3 4 5 516 3 2 1 0 0 0 1 2 6 81 0 1 0 0 1 17 1 0 0 1 637 2 0 0 0 0 0 0 1 3 13 2 0 0 1 0 47 1 0 0 1 2 3 304 8 5413 9 8 4 5 0 3 4 7 1 0 1 8 47 3 2 1 0 0 0 0
1 0 1 50 1 2 1 2 0 0 1 5 7 86 16 2 1 0 0 0 3 2 3 0 0 0 2 3 4 522 2 1 0 0 0 1 1 2 92 2 1 0 0 0 1 20 2 1 0 0 639 0 0 0 0 0 0 0 3 24 5 0 0 1 0 3 50 1 0 0 1 2 7 305 5427 3 0 2 3 1 2 2 3 6 0 0 1 5 42 4 3 2 1 0 0 0
5 2 3 57 5 9 6 2 0 0 1 5 6 111 0 0 0 0 0 2 4 3 7 1 0 0 0 1 5 6 534 0 1 0 0 1 2 2 99 1 0 1 0 0 1 23 3 2 1 753 108 2 1 1 0 1 1 0 37 4 1 0 0 5 7 55 2 1 0 0 1 2 8 5738 2 0 0 1 2 0 1 1 2 4 0 0 1 2 27 8 5 2 0 0 1 1
4 6 7 8 77 2 1 0 0 0 2 0 1 2 114 1 1 0 1 3 5 12 1 0 0 0 1 2 0 4 543 2 0 1 1 0 5 3 989 1 0 2 1 1 0 25 4 3 758 0 2 104 95 2 1 2 2 42 2 1 1 0 0 0 1 69 5 1 0 0 1 5 5749 0 0 1 0 0 0 0 0 0 1 1 1 0 1 2 12 10 1 1 0 0 4 2
4 10 0 1 88 0 0 0 0 0 0 1 2 3 124 2 0 1 2 4 19 3 0 1 0 0 0 1 2 0 545 0 1 2 2 1 1005 998 2 884 0 3 2 2 0 809 777 771 2 0 1 2 4 91 84 76 64 15 2 1 0 0 0 1 2 0 97 1 0 0 1 6 5823 3 2 1 0 0 0 0 0 0 0 0 0 0 1 1 9 7 1 0 0 0 1 26
4 5 17 18 112 1 1 3 1 0 0 1 2 3 129 3 1 2 3 5 24 3 2 1 0 0 1 2 0 0 0 1594 1045 1042 1036 1027 15 0 1 1 880 868 858 849 840 1 0 1 6 1 0 1 3 5 4 4 4 8 2 1 0 0 1 2 3 16 0 100 1 1 2 5833 1 68 65 57 54 7 6 3 1 0 0 0 0 0 0 5 2 2 3 0 0 0 1 30
5 6 0 0 113 10 7 2 1 0 0 1 2 0 1 134 2 3 10 25 4 0 2 1 0 0 1 0 3 1 3 1599 0 1 2 4 12 1 0 0 10 4 4 4 2 23 0 0 3 1 0 0 2 4 3 3 3 5 1 1 0 0 1 6 10 0 1 105 0 2 5840 2 0 1 2 3 1 44 41 36 3 1 5 3 1 0 2 1 1 1 1 0 0 2 3 35
2 3 11 1 126 3 2 1 0 0 0 1 3 7 8 11 138 4 11 31 1 3 2 1 0 0 1 2 1 4 1606 1 2 0 1 3 2 8 0 0 8 3 3 3 1 15 6 0 0 1 0 1 0 2 2 2 2 2 1 0 0 0 3 1 0 0 0 1 107 3 5843 1 1 0 1 2 0 1 1 1 31 22 3 2 1 0 1 0 0 0 0 0 0 1 3 40
3 0 1 14 134 0 0 0 1 0 0 0 0 1 2 3 155 12105 12099 12085 10 7 2 0 1 1 0 2 5 1629 16 10 0 1 0 2 1 3 3 4 2 2 2 2 0 5 8 4 2 0 0 0 0 0 1 1 1 0 0 0 0 0 0 0 0 0 0 1 108 4 5845 0 0 0 0 0 0 0 0 0 2 4 11 7 2 1 0 0 0 1 2 1 0 0 1 3
2 4 5 6 150 1 1 0 3 0 1 0 0 1 2 3 12267 0 0 1 12039 12020 3 1 2 2 0 1658 1653 9 3 4 9 0 0 1 0 2 2 3 1 1 1 1 0 3 5 1 0 0 0 0 0 0 0 0 0 0 0 1 0 0 0 0 0 1 1 4 109 5853 1 0 0 0 0 0 0 0 0 0 0 0 2 2 3 1 0 0 0 0 1 5 3 0 0 0
4 16 21 23 184 2 0 1 5 0 0 3 0 1 2 3 12274 1 0 0 3 13 12015 6 3 3 1660 0 6 2 1 2 3 7 1 0 0 1 1 2 0 0 0 0 0 1 2 1 0 0 0 2 2 0 0 0 0 0 4 2 0 0 3 1 0 1 2 8 6037 72 2 1 0 1 1 2 1 1 0 0 0 0 1 0 0 0 0 0 2 0 0 2 13 0 0 0
7 3 0 3 4 193 3 6 2 0 0 1 4 5 6 7 12285 1 0 0 1 2 9 12007 12000 1666 1665 2 2 2 1 0 1 2 4 2 0 0 0 0 0 0 0 0 0 0 0 0 0 0 2 7 4 0 1 2 0 0 9 1 0 0 1 6 0 1 4 6048 0 1 66 59 41 39 36 27 23 18 7 5 3 1 0 0 0 0 1 1 4 0 0 0 1 16 0 0
1 2 2 2 4 6 205 3 0 0 1 0 2 0 0 1 12290 1 0 0 1 1 8 5 10317 10 2 1 1 1 1 0 0 0 0 0 0 0 0 0 1 0 0 1 2 0 2 1 0 0 1 10 5 1 5 0 1 0 13 1 0 0 1 11 0 1 7 6052 1 0 2 2 16 12 2 2 0 1 8 3 1 0 0 0 0 1 3 8 6 0 0 0 1 21 2 0
