Benchmark_data/Basin_HUC5070101/input/flow_accumulation_huc5070101.txt
ncols         960
nrows         614
xllcorner     399646.697198
yllcorner     4140957.492452
cellsize      90
NODATA_value  -9999
[rows 324 to 377 of 614, columns 576 to 671 of 960]
1 1 1 0 0 0 0 1 1 2 22 1 0 0 0 1 13 1 0 0 0 12 2 0 0 0 32 1 0 0 0 0 0 1 447 122 121 118 94 0 0 0 0 3 1 0 0 0 3 1 84 2 1 0 1 2 1 0 0 1 1 7 62 0 0 1 0 1 1 6 3 0 0 0 0 0 1 0 2 1 1 1 0 0 0 0 194 3 19 0 0 2 51 46 2 0
12 7 3 0 0 0 0 0 0 1 5 28 1 0 0 17 4 1 0 0 3 6 20 26 1 0 0 37 2 0 0 1 0 1 574 0 0 0 15 9 6 4 2 0 0 0 0 1 1 91 2 1 0 0 0 0 0 0 0 0 1 2 3 56 43 0 1 4 9 1 0 0 0 2 4 9 13 15 26 32 35 0 44 54 59 62 258 0 20 64 62 56 1 0 0 0
2 1 0 0 1 1 0 0 1 2 9 30 0 1 1 25 1 1 0 0 0 0 0 0 32 0 0 0 44 0 4 2 0 1 588 10 9 7 0 3 1 0 0 0 0 0 1 1 4 98 2 1 0 2 1 0 0 0 0 0 0 0 2 2 7 39 38 14 3 2 0 0 0 0 1 0 1 3 2 2 2 40 3 2 2 0 1 350 66 0 0 0 0 0 0 0
0 0 0 0 1 4 1 0 1 4 5 41 0 2 33 2 0 0 0 0 0 1 2 3 39 1 0 0 47 0 5 0 0 0 591 0 0 4 1 1 0 0 0 0 1 0 1 6 126 120 14 11 8 3 1 0 0 2 1 0 0 0 0 1 2 3 15 6 1 0 0 0 2 1 0 0 0 0 0 1 1 0 2 1 1 0 2 361 1 0 0 0 0 0 1 0
0 0 0 0 0 9 0 0 1 0 1 55 4 36 1 1 0 0 0 4 0 0 1 0 42 0 0 0 0 56 0 1 0 1 595 2 1 0 2 0 0 0 0 2 2 0 1 138 1 0 4 1 1 0 0 0 0 6 1 1 0 0 0 0 0 2 1 5 3 1 0 0 2 6 3 0 0 0 0 0 0 0 0 0 0 1 1 6 372 2 0 3 0 1 2 0
1 1 1 1 15 3 0 0 1 2 3 100 39 1 0 0 0 1 0 5 0 0 2 6 52 1 0 0 0 1 60 2 0 599 5 3 1 0 0 0 0 0 1 3 6 0 1 144 0 0 1 1 0 0 0 0 1 10 2 1 2 0 0 0 0 0 0 1 2 0 0 0 0 1 13 1 1 2 0 0 0 0 1 0 0 0 1 1 4 381 5 0 0 0 2 3
2 4 28 25 3 1 0 0 1 2 3 109 3 2 1 0 0 0 3 7 0 0 0 1 2 54 1 0 0 0 1 66 1 607 0 0 0 0 0 0 1 1 0 1 6 7 149 0 3 2 1 0 0 0 0 1 5 14 2 4 0 1 0 1 0 0 0 0 0 0 1 0 0 1 3 20 27 31 1 1 0 1 4 0 0 0 0 0 2 1 387 1 0 0 95 90
43 33 1 3 0 0 0 0 0 5 8 124 1 0 0 0 0 1 5 10 0 0 0 0 1 62 1 0 0 1 0 67 614 3 2 1 0 0 0 2 4 0 0 1 0 16 156 5 3 1 0 0 0 0 1 3 10 30 10 3 2 0 1 2 2 3 1 0 0 0 2 0 1 0 0 0 1 1 36 2 1 2 7 1 0 0 0 1 0 1 2 388 1 99 1 0
0 0 0 0 2 0 0 1 3 1 1 2 129 3 1 0 0 1 24 4 3 0 0 0 1 2 91 96 98 105 111 688 4 3 2 1 0 0 2 7 6 0 0 0 3 178 3 1 0 0 0 0 1 0 1 2 46 0 0 0 0 1 2 6 7 2 1 0 0 2 3 0 1 2 0 0 0 0 2 45 49 61 2 1 0 0 1 0 0 0 2 394 104 1 0 0
6 4 1 0 0 0 0 0 0 0 0 2 138 2 1 0 1 2 29 1 0 0 0 2 3 18 3 2 2 0 3 808 4 3 2 1 0 0 1 2 15 1 0 1 187 3 1 0 0 0 0 2 3 0 0 1 50 0 0 0 1 40 37 10 1 0 0 0 0 9 0 1 0 4 4 0 0 0 0 0 0 0 68 1 0 1 0 3 0 0 0 0 501 0 0 0
0 0 0 0 0 0 2 0 1 0 0 1 2 147 0 1 40 34 2 1 0 0 2 4 6 6 2 1 1 0 1 1 812 2 1 0 0 0 1 2 8 18 1 194 3 1 0 0 0 1 0 4 5 0 0 0 51 55 53 52 49 4 2 15 6 5 3 0 0 11 3 0 0 0 8 17 19 0 0 0 0 0 71 0 1 2 1 5 0 0 0 0 503 3 1 0
0 0 0 0 1 2 0 4 4 0 0 1 0 4 149 45 1 0 0 1 0 0 0 0 2 2 1 0 0 0 0 0 817 2 1 0 1 0 0 1 0 29 202 4 1 0 0 0 1 2 0 6 6 2 0 0 111 1 0 0 0 0 1 1 5 2 0 0 0 13 5 0 0 0 0 1 1 23 2 1 0 1 72 0 2 3 2 6 1 1 1 0 505 5 0 143
1 0 0 1 3 0 4 13 2 1 0 0 2 2 159 49 2 1 0 0 0 0 0 0 0 1 0 0 2 0 0 1 820 1 0 0 4 0 0 1 2 238 1 0 0 0 0 0 3 3 21 19 11 3 1 113 73 0 0 1 0 0 0 0 0 0 0 0 0 21 1 1 0 0 0 0 0 1 28 32 35 50 54 132 139 147 154 166 174 4 0 0 506 6 149 4
3 0 0 1 2 5 29 3 2 1 0 0 1 1 3 212 0 0 1 1 0 2 1 0 0 0 0 0 0 5 8 835 2 1 0 8 1 0 0 1 2 243 0 0 0 0 0 3 268 263 234 232 230 226 223 191 0 71 67 0 1 0 0 0 0 0 0 0 1 26 2 1 1 1 0 0 0 0 0 0 7 2 2 2 2 2 2 3 4 182 185 1 507 160 2 0
1 0 0 1 45 33 1 5 3 1 0 0 0 2 1 2 221 2 0 3 12 6 2 0 0 0 1 1 0 0 1 873 1 0 0 9 0 0 0 0 1 247 0 0 0 1 1 276 2 1 0 0 2 1 28 1 0 0 1 62 1 1 1 1 1 0 1 0 2 36 2 6 3 0 0 1 0 0 0 4 0 1 1 1 1 1 1 2 3 1 0 192 508 162 0 0
0 0 1 49 2 1 0 0 0 0 0 0 1 0 1 1 234 6 4 14 0 1 0 0 0 6 10 15 0 0 0 34 877 0 1 12 0 0 1 1 0 619 370 366 1 2 280 0 0 0 0 0 0 0 1 25 0 0 0 1 54 4 0 4 0 3 0 0 0 38 7 2 1 0 0 1 3 1 1 1 0 0 0 0 0 0 0 1 2 0 2 3 702 164 0 0
0 0 3 55 1 0 0 0 0 0 0 0 1 0 0 0 2 256 18 2 1 0 0 0 2 2 0 3 22 24 32 2 884 17 16 0 0 0 1 4 626 4 2 2 362 356 63 58 0 0 0 0 0 0 0 23 0 0 0 0 2 44 1 5 5 3 1 0 0 40 13 1 0 0 0 3 19 14 2 0 0 0 0 0 0 0 0 0 0 1 1 2 709 165 0 44
1 0 65 3 0 0 0 6 3 1 0 0 1 2 0 0 0 1 260 2 1 0 0 0 0 0 1 1 2 6 1 0 1 906 0 1 0 1 642 639 4 0 1 1 4 7 1 1 56 53 3 0 0 2 0 0 18 1 0 0 0 1 39 33 24 6 2 0 0 1 56 0 0 0 32 25 1 6 0 1 0 0 3 1 1 1 0 0 0 0 0 1 2 876 59 12
192 69 1 0 1 0 9 0 0 1 0 0 0 6 1 0 0 1 265 1 0 1 0 0 0 0 0 1 1 0 0 0 0 1 907 659 656 649 1 1 1 1 0 0 3 6 0 0 1 1 45 0 9 0 0 0 3 9 2 0 0 2 1 1 2 3 2 0 0 1 63 1 0 34 2 2 0 3 0 0 1 4 9 15 20 2 2 0 0 0 0 0 1 940 2 0
2 287 0 0 0 14 2 1 2 1 0 0 1 2 10 0 0 1 279 3 2 1 1 1 0 0 0 0 0 1 0 0 0 0 1571 2 2 1 1 0 0 0 0 0 1 3 1 0 0 1 2 38 1 3 0 0 1 3 1 0 0 0 0 0 1 1 0 0 0 1 66 0 46 9 2 1 1 1 0 0 0 0 2 0 1 30 37 1 0 0 1 1 2 943 1 1
21 0 293 314 18 1 0 0 7 1 0 1 0 0 17 0 0 2 3 285 2 2 2 1 1 0 0 0 0 1 4 6 9 1581 7 2 1 1 0 0 0 0 0 0 0 0 0 0 0 1 1 24 0 0 1 0 0 1 0 0 0 0 0 0 0 0 0 0 0 1 0 121 5 2 2 1 0 0 0 0 0 0 0 0 1 1 1 38 1 0 1 6 3 945 0 0
2 0 3 3 324 1 0 11 1 0 0 3 0 1 19 0 0 2 1 2 289 3 2 5 2 0 0 1 1 0 0 1 1595 0 1 1 1 0 0 0 2 2 0 0 0 0 0 0 0 0 1 15 5 4 3 2 0 0 0 0 0 2 4 1 0 0 1 1 1 0 128 1 0 1 1 1 0 0 0 0 2 0 0 0 0 0 0 44 2 1 0 8 955 4 2 1
1 0 1 2 2 344 12 0 0 0 0 1 32 24 2 0 1 0 1 1 316 13 9 2 1 0 0 1 2 2 1 0 1598 0 0 0 0 0 0 4 3 1 0 0 1 2 2 0 0 0 0 3 7 3 1 0 0 0 0 1 2 11 2 1 0 0 1 11 12 2 132 2 1 0 0 0 0 0 2 1 4 0 0 1 0 0 0 0 47 53 0 10 957 0 0 0
0 0 1 1 0 4 348 1 0 1 0 41 4 2 0 0 0 0 0 1 2 320 2 1 0 0 0 2 2 6 2 0 1599 2 0 0 0 0 0 10 2 0 0 0 1 5 12 4 2 1 0 1 1 0 0 0 0 0 2 2 31 3 2 1 0 0 2 1 1 18 155 2 1 0 0 0 0 0 5 7 1 0 0 2 5 2 0 0 0 0 55 67 1015 0 1 1
0 0 0 1 3 2 8 363 1 2 46 2 0 0 1 0 0 0 0 1 2 333 3 2 1 0 0 0 3 3 1892 1881 1878 272 266 1 1 0 1 14 1 0 1 1 2 20 0 2 1 0 0 0 0 0 0 0 1 47 44 40 1 11 5 2 0 0 0 0 0 1 163 6 5 4 2 0 1 0 0 16 2 0 0 1 3 12 20 0 0 0 1 1086 1 55 49 43
0 0 0 0 1 1 2 2 368 52 1 0 0 0 0 4 2 0 0 0 1 4 337 2 1 0 0 1 3 1906 0 0 1 1 2 262 257 3 0 216 198 195 32 29 26 1 0 0 0 0 0 0 0 1 0 2 56 5 2 2 0 1 2 1 0 0 0 0 0 3 169 4 3 2 1 0 0 3 2 25 4 1 0 0 1 2 2 27 29 31 1089 1 0 4 2 5
2 1 0 0 0 1 1 1 3 424 1 0 0 2 8 2 1 0 0 0 1 3 344 1 0 1 0 1 0 1910 1 0 0 0 1 3 1 248 245 2 0 1 160 158 1 0 1 0 1 1 1 1 1 2 1 65 4 1 1 0 0 0 0 0 0 0 3 6 10 15 175 4 3 2 1 0 0 1 37 1 0 1 0 0 1 1 1 0 0 0 1128 2 0 3 1 2
7 4 0 0 0 0 0 0 0 426 31 30 29 20 3 2 1 0 0 1 2 0 1 345 2 0 1 0 2 1916 1 0 0 0 0 1 0 1 20 2 0 0 0 3 151 149 4 1 2 2 2 2 2 77 73 1 1 1 0 0 0 0 0 0 0 0 0 1 0 17 181 4 3 2 1 0 0 1 44 3 2 1 0 0 0 0 1 2 0 1 1131 1 1 2 0 0
3 21 3 1 0 0 1 0 1 461 1 0 0 2 6 2 1 0 0 1 2 0 0 348 3 1 2 1 0 2038 3 2 0 0 0 0 0 0 3 15 1 0 0 1 0 1 141 134 129 121 113 102 94 6 0 2 0 0 0 0 1 1 1 2 2 0 0 0 1 20 200 17 14 3 2 1 0 0 46 0 0 0 0 0 0 0 0 1 5 1143 1 0 0 0 1 0
1 27 2 1 0 0 1 4 5 470 1 0 0 0 0 1 0 0 0 1 0 3 1 350 2092 2087 2083 2077 2069 2 116 0 3 1 0 0 0 0 0 2 11 1 0 0 0 0 4 3 3 3 6 0 2 5 4 0 1 0 0 0 3 16 11 4 0 0 0 0 1 224 2 1 1 9 2 1 0 0 50 4 1 1 0 3 0 0 1 2 0 1149 3 2 1 0 0 0
1 32 1 0 0 0 3 4 5 6 481 0 0 0 0 0 0 0 1 1 2 1 6 2446 1 0 1 4 24 0 1 114 105 1 1 1 0 0 0 0 0 7 1 0 0 1 1 2 2 2 3 1 1 1 2 2 0 0 0 1 28 3 1 2 0 0 0 2 3 234 1 0 0 0 5 2 0 0 1 62 5 2 0 4 0 0 1 2 6 1159 1 0 0 0 2 0
0 1 36 2 0 0 0 1 3 6 491 1 1 0 1 1 1 1 0 2 5 5 2460 5 1 0 0 3 1 21 0 1 1 102 6 1 1 0 0 0 0 0 3 2 0 0 0 1 1 1 2 0 0 0 0 0 0 0 1 1 30 0 0 0 0 0 1 0 0 240 3 2 1 0 0 0 0 0 1 67 1 0 0 6 0 0 0 1 5 1169 2 1 1 3 2 0
0 39 2 1 0 0 0 0 1 1 499 2 1 0 0 4 2 2 0 1 6 2473 5 3 2 0 1 0 0 0 19 0 0 3 90 85 81 1 2 0 1 0 0 0 0 1 0 0 0 0 0 0 0 0 0 0 0 0 2 41 2 1 0 0 0 0 1 4 6 255 6 5 4 3 2 0 0 1 2 3 68 1 0 8 0 0 1 2 2 1175 1 0 6 5 1 0
18 43 1 0 0 1 0 0 0 1 1 502 1 0 0 6 3 3 1 2 2490 8 4 0 2 1 0 0 1 8 9 1 0 1 0 2 2 76 9 5 1 1 0 2 2 2 1 0 0 1 0 0 0 1 3 0 0 1 2 51 5 4 3 1 0 2 0 0 0 261 3 2 1 0 0 0 0 2 3 4 88 1 0 9 1 1 0 1 0 1196 8 7 9 2 1 0
1 68 0 0 1 3 0 0 0 0 0 506 2 1 0 8 2522 2517 2510 2501 8 2 2 3 1 1 0 0 2 2 3 2 0 0 0 0 1 4 60 56 52 49 14 10 6 2 1 0 0 1 5 1 0 4 5 1 0 0 1 58 3 2 1 0 0 1 5 7 1 305 1 0 4 3 1 0 0 0 4 7 1 93 1 12 2 0 0 2 4 4 1212 10 0 0 0 0
2 81 1 0 2 5 1 0 0 0 1 2 513 2 10 2525 1 1 2 0 2 1 1 1 0 0 0 0 0 0 2 0 0 0 0 0 0 2 2 2 1 24 5 4 3 2 1 0 0 1 2 11 12 13 30 4 0 0 1 66 4 3 2 1 0 0 1 0 318 0 40 10 1 0 0 0 0 0 1 1 0 1 98 117 1 0 0 0 3 0 2 1214 1 1 1 0
5 0 97 102 106 8 0 2 0 0 1 2 3 3063 2538 0 0 0 0 0 0 0 0 0 0 0 0 0 0 0 0 0 0 1 2 0 0 0 1 1 0 1 21 8 7 2 1 0 0 1 2 3 0 1 54 0 0 0 0 67 1 0 0 1 0 0 1 4 325 0 0 27 2 1 1 1 0 0 0 0 0 1 2 121 2 0 0 1 0 1 1 5 1223 4 1 1
2 11 2 2 2 120 125 1 0 0 0 0 1 0 3065 0 0 0 0 0 0 0 0 1 0 0 1 2 2 0 0 0 0 1 4 4 0 0 0 0 0 0 0 9 0 2 1 0 0 1 4 10 18 20 0 59 62 0 0 71 6 5 3 0 0 0 0 1 329 0 0 0 24 5 2 0 2 0 0 0 0 0 1 6 125 1 0 0 0 0 0 1 2 1234 6 1
1 5 1 1 1 0 1 130 1 0 1 1 0 0 3067 28 26 24 22 19 14 11 6 1 0 0 3 7 14 1 2 0 0 0 1 17 4 1 0 0 0 0 0 8 6 4 1 0 0 1 0 3 2 0 0 0 2 69 71 82 2 1 0 0 0 1 1 2 333 1 0 0 1 14 11 8 3 0 1 1 0 0 3 0 135 4 0 0 0 0 0 1 1 1 1246 1
2 1 0 0 0 0 0 3 135 2 1 4 1 0 0 3100 2 1 0 0 2 1 1 1 0 0 0 0 1 27 4 2 0 0 1 18 0 0 0 0 1 3 0 0 0 0 0 0 0 0 1 0 1 0 0 1 0 0 0 159 2 1 0 0 1 1 2 341 0 0 0 0 0 0 0 0 0 0 0 4 1 0 0 0 1 145 0 7 4 1 0 0 0 3 7 1247
0 0 0 0 0 0 1 0 1 138 144 3176 3170 3166 3122 19 3 2 1 0 0 0 0 0 0 0 0 1 2 34 2 1 0 0 1 4 21 1 0 0 3 5 0 0 0 0 0 1 2 0 0 0 1 2 4 5 0 0 0 162 0 0 0 0 1 2 2 343 0 1 1 0 0 0 0 0 0 0 0 1 7 0 0 0 1 1 159 1 0 0 0 0 2 2 2 1265
0 1 0 2 0 1 0 0 1 2 3327 1 0 1 39 1 14 1 0 0 0 4 3 2 0 1 0 0 1 35 1 0 0 0 0 1 33 1 0 0 5 8 0 1 1 1 17 15 5 1 0 0 1 3 4 5 7 0 34 163 1 1 0 0 2 5 447 99 95 91 2 1 2 0 1 1 1 1 1 2 12 2 0 0 0 0 161 1 0 1 0 0 1 1 1 1268
0 1 4 9 1 0 3 0 0 0 3330 0 0 0 2 33 0 11 10 8 7 0 0 0 0 0 2 1 2 40 1 0 0 1 1 0 108 73 70 63 58 49 35 29 25 24 1 0 2 1 0 0 0 0 1 6 28 31 0 207 2 1 0 0 4 457 1 0 1 2 85 82 77 67 2 2 2 2 2 21 3 1 0 0 0 1 172 5 4 1 0 0 0 0 2 3
0 1 2 3 10 2 44 45 1 3 3333 1 0 0 0 0 31 22 1 0 0 0 2 2 0 0 1 3 52 1 0 0 0 1 117 112 1 1 4 2 1 1 1 2 0 0 0 0 0 0 0 0 0 0 3 4 1 1 0 0 211 2 0 1 515 0 0 0 0 1 1 1 1 3 62 59 53 47 26 0 0 0 0 0 1 2 179 2 1 0 0 0 0 1 0 1
0 1 3 4 34 35 0 1 48 3395 7 6 5 4 3 1 2 2 19 16 14 11 5 1 0 0 1 2 54 0 0 1 0 121 1 0 0 0 3 1 0 0 0 0 0 0 0 0 0 0 1 1 0 1 0 2 0 0 0 1 2 745 529 525 3 50 2 1 0 0 0 0 0 2 1 1 1 2 10 2 0 0 1 1 0 0 183 1 0 1 1 0 0 1 0 1
0 0 0 1 11 0 2 4 5 3402 4 3 2 1 2 0 1 1 0 0 0 0 0 0 0 0 1 62 0 0 0 3 123 3 0 0 0 0 1 0 0 0 0 0 0 2 1 0 0 2 2 2 1 0 0 0 0 1 0 1 748 1 1 2 2 1 44 1 0 2 1 0 0 0 0 0 0 1 5 3 0 0 4 2 0 1 199 12 10 5 2 0 0 1 6 12
0 0 2 8 10 0 0 0 1 3414 3 2 1 0 0 1 0 0 0 0 0 0 0 0 1 1 1 63 1 1 170 168 33 26 18 1 3 1 0 0 0 1 4 1 1 5 1 0 0 4 3 5 2 0 0 0 0 0 2 755 0 0 0 1 1 0 1 39 3 0 0 0 0 0 0 0 0 1 2 1 0 0 1 8 1 0 202 0 0 1 0 0 0 1 4 1
0 0 1 2 0 0 0 0 1 3419 1 0 3 2 1 0 0 0 1 2 1 1 1 0 1 4 2 246 179 176 2 5 0 0 6 14 2 1 0 0 0 1 2 7 2 8 0 0 2 5 10 7 2 0 0 2 0 1 3 763 2 1 0 0 0 0 1 2 29 22 19 0 1 2 2 0 0 0 0 0 0 0 1 4 11 0 205 1 0 4 3 0 0 3 0 1
0 0 0 0 0 0 1 1 2 3423 10 9 4 3 2 1 0 0 1 7 2 2 2 0 3 262 253 2 0 1 1 3 0 2 2 3 2 0 0 1 0 0 1 5 11 9 45 43 41 35 15 1 0 0 0 5 1 0 0 770 4 3 2 1 0 0 0 0 2 1 1 15 13 5 1 0 0 0 0 0 0 1 0 18 39 259 9 8 7 1 0 0 0 0 0 0
0 0 0 0 0 1 1 2 3 4 3437 1 0 0 1 0 0 0 0 1 8 6 0 304 295 29 24 2 0 0 0 0 1 1 1 1 0 0 0 4 0 0 1 2 9 71 2 0 1 1 3 0 0 0 0 1 8 2 1 776 4 3 2 1 0 0 0 0 0 0 0 0 0 0 0 1 0 1 0 2 4 8 16 1 0 1 262 1 0 0 1 0 0 0 0 1
0 0 1 3 5 7 20 25 26 27 3443 0 1 2 0 1 0 0 1 2 5 16 306 1 1 0 2 23 1 0 0 0 0 0 0 0 0 0 1 7 0 0 0 0 85 1 0 0 0 0 0 1 0 0 1 0 0 10 798 4 3 2 1 0 0 1 1 0 0 0 0 0 0 0 1 2 1 2 0 0 1 2 1 0 0 0 265 0 1 2 3 2 0 0 1 0
3 0 0 2 5 9 1 2 7 8 3472 3 3 1 2 1 1 0 0 0 0 23 312 2 0 0 1 0 21 14 2 0 0 0 1 2 3 6 10 0 0 0 1 3 107 2 1 0 0 1 0 0 0 1 7 12 14 15 821 5 2 1 0 0 0 3 2 1 1 1 1 1 1 1 2 3 5 1 0 0 0 0 0 0 0 1 285 16 13 9 4 1 0 0 1 12
0 0 0 1 2 0 1 3 3 7 3508 3517 3533 8 2 2 1 0 0 1 1 340 1 0 1 0 0 0 1 2 9 6 0 0 3 5 7 11 30 2 0 0 2 119 3 17 13 12 4 1 0 0 1 3 0 0 0 0 824 0 1 0 0 0 1 5 5 0 2 83 80 76 72 0 29 21 20 9 8 3 0 0 1 2 4 5 297 4 3 2 1 1 0 0 2 4
1 0 0 0 0 0 2 2 2 2 14 3 1 3540 3 2 1 0 0 2 370 24 23 21 2 1 0 0 0 1 1 2 0 1 0 0 2 0 3 40 0 0 1 123 0 2 2 0 5 2 0 0 1 4 0 0 0 1 826 0 0 0 1 0 130 126 115 106 98 10 0 0 2 63 0 4 0 1 1 0 0 0 1 2 3 0 305 5 4 2 0 0 0 0 2 0
