Benchmark_data/Basin_HUC5070101/input/flow_accumulation_huc5070101.txt
ncols         960
nrows         614
xllcorner     399646.697198
yllcorner     4140957.492452
cellsize      90
NODATA_value  -9999
[rows 216 to 269 of 614, columns 288 to 383 of 960]
0 2 1 1 0 0 38 1 0 2 225 0 0 0 0 3 2 0 1 12 0 4 6 34 0 0 108 1 0 1 1 2 1 224 3 2 1 1 1 1 0 0 0 0 1 2 0 0 1 5 7 0 0 1 2 15 0 0 0 50 9 3 0 1 16 2 1 0 12470 12400 12391 12380 12190 1 4 0 1 2 1 3 0 11735 1 2 2 11483 17 12 1 3 2 5 5 5 21 2
0 2 5 2 0 1 0 41 0 4 226 1 0 1 1 4 3 1 0 16 0 0 0 14219 14183 14177 0 2 1 2 2 5 226 0 0 0 0 0 0 0 0 0 0 1 3 4 0 0 1 8 9 1 0 0 3 19 2 0 0 1 61 4 0 1 19 3 2 12474 1 3 5 1 11 12184 5 1 2 3 12104 12101 11743 1 0 1 1 3 3 11 0 2 1 4 4 4 17 2
0 1 3 6 4 0 3 0 42 1 234 2 1 2 2 5 12 0 0 0 17 2 14222 0 1 2 14065 14055 2 3 3 234 0 0 0 0 0 0 0 0 0 0 1 1 11 1 0 0 1 11 12 1 0 0 0 25 3 1 0 0 2 67 0 3 12518 12497 12489 7 0 2 4 0 10 1 12175 12170 12116 12111 4 352 2 0 0 0 0 2 2 7 2 1 0 3 3 3 3 12
0 0 2 4 7 5 5 1 0 43 0 238 2 6 0 0 0 14 0 2 14270 14251 9 6 0 1 8 3 14044 14040 13997 238 1 1 1 1 1 0 2 1 0 0 1 2 16 1 0 1 0 14 15 1 0 0 1 0 30 2 0 1 1 3 12596 12522 0 2 2 5 0 1 3 0 8 0 3 7 39 0 3 1 349 1 0 0 0 0 1 1 4 1 0 2 2 2 2 4
0 1 1 3 5 14 6 2 1 44 285 0 3 0 8 14334 14332 14316 14290 14288 10 14 1 0 4 0 7 2 2 37 9 13743 0 2 4 0 3 3 0 3 0 0 1 2 20 2 1 2 1 31 2 0 1 0 1 3 31 3 0 3 2 12773 168 167 1 1 1 2 1 0 2 0 6 1 0 6 37 0 2 0 1 346 1 0 0 0 0 0 2 0 0 1 1 1 1 3
0 1 2 2 10 15 30 6 0 0 0 287 4 14355 14353 1 13 5 3 2 9 0 12 0 3 3 2 1 1 36 8 1 13740 13720 13708 1 8 0 5 0 1 1 0 5 21 3 2 3 2 35 1 0 2 0 3 4 32 4 1 12804 12799 0 2 0 166 0 0 0 1 0 1 0 4 0 1 3 35 0 1 0 1 343 315 2 1 1 0 0 0 1 0 0 0 0 0 2
0 1 2 21 11 0 14717 0 0 1 14668 14666 14373 7 6 0 12 4 2 1 4 3 10 0 2 2 1 0 0 35 7 0 18 7 4 13695 13692 1 6 1 2 2 1 6 22 4 3 4 3 36 2 1 3 1 4 5 12863 12829 12819 5 12 7 3 0 1 163 2 1 0 0 0 0 2 0 2 3 28 1 0 0 2 1 19 311 305 0 1 1 0 0 0 0 0 0 0 1
0 4 0 14744 14721 14720 1 14682 14679 14676 2 3 3 6 0 4 11 3 1 0 3 2 3 5 1 1 0 1 34 4 1 0 16 6 3 1 0 13679 10 2 3 3 2 7 13571 13547 4 5 4 37 3 2 4 2 12884 12872 2 3 5 4 11 2 1 0 0 156 2 1 0 0 0 0 0 1 2 2 22 1 0 1 0 0 17 0 3 299 6 1 1 1 0 1 2 3 1 0
0 1 15692 940 938 0 0 0 1 1 1 2 2 4 0 3 3 6 2 0 2 1 2 4 0 0 0 0 31 3 0 0 14 5 2 0 1 20 13646 13633 4 13600 13595 13588 2 3 13532 12977 12976 12969 0 3 12909 12903 4 4 1 2 4 3 3 6 1 0 0 9 144 6 5 3 1 0 0 1 1 2 16 1 0 0 1 4 11 1 0 26 264 261 251 1 2 3 6 1 0 0
0 15697 1 0 0 936 0 0 0 0 0 1 1 1 1 2 2 3 1 1 1 0 1 1 1 0 1 2 26 0 1 0 12 4 1 0 4 17 11 6 13625 3 2 4 1 2 30 516 0 2 12922 12919 2 9 3 3 0 1 3 2 2 2 2 0 1 6 131 4 3 2 1 0 0 0 1 1 11 1 0 0 1 8 1 0 4 20 1 4 3 244 4 8 0 0 1 1
15699 17 1 0 0 8 925 0 0 0 0 0 0 0 0 1 1 1 0 0 0 0 0 0 0 0 4 8 15 0 0 4 6 3 0 3 0 10 10 5 14 2 1 3 0 1 29 515 0 0 1 1 1 5 2 2 2 0 2 1 1 1 1 0 2 2 5 124 4 3 2 1 0 0 0 1 3 4 0 0 1 5 0 3 16 2 0 3 2 224 10 0 1 2 0 2
15732 0 14 0 0 2 2 922 2 1 0 0 0 0 0 0 0 0 0 0 0 0 0 0 0 2 2 6 3 3 3 2 2 2 2 0 2 6 9 4 13 1 0 2 0 1 2 23 514 0 0 0 0 2 1 1 1 1 1 0 0 0 0 1 1 1 2 118 0 0 0 0 0 0 0 0 1 1 1 0 1 2 2 3 11 1 0 1 1 0 222 128 10 6 4 3
5 6 11 1 0 0 1 4 913 882 1 1 1 1 0 0 0 0 1 1 2 1 2 0 0 1 1 3 2 2 2 1 1 1 1 0 2 2 8 3 9 2 0 1 0 1 2 3 15 512 0 0 0 0 0 0 0 0 0 0 0 0 0 0 0 1 2 112 3 1 1 1 1 0 0 0 0 0 0 0 1 1 2 7 2 0 0 0 0 1 90 1 112 49 48 45
3 0 5 10 0 0 1 1 3 25 876 2 2 1 0 1 1 1 4 15 11 7 2 0 0 0 0 1 1 1 1 0 0 0 0 1 1 4 2 2 5 2 1 0 0 1 2 3 10 3 506 1 0 0 0 0 0 0 0 0 1 1 0 0 0 1 1 9 98 8 5 2 1 1 1 0 0 0 0 0 0 1 4 1 0 0 0 0 1 85 3 0 3 57 0 1
1 0 4 4 4 0 0 2 4 15 3 870 7 1 0 2 2 28 25 3 1 0 0 0 0 0 0 0 0 0 0 0 0 0 0 0 0 2 1 1 1 2 1 0 0 1 2 9 1 0 6 495 1 2 1 0 1 1 2 0 2 3 2 0 0 0 1 4 3 84 80 73 67 2 1 1 1 0 1 0 0 0 2 0 2 0 0 2 3 78 0 2 2 55 0 0
1 0 3 3 2 0 1 3 14 0 1 5 855 2 0 3 32 3 2 0 0 0 0 0 1 1 1 0 0 0 0 0 2 1 0 0 0 0 0 0 0 0 0 0 0 1 6 1 0 3 1 24 467 465 2 1 2 5 0 1 7 3 1 0 0 0 0 2 2 2 2 2 2 61 58 29 0 3 3 1 0 0 0 1 0 4 6 7 72 2 0 1 1 53 1 0
4 0 2 2 1 0 2 8 4 0 1 2 17 833 808 33 4 1 0 0 0 0 2 0 2 2 3 0 1 1 1 0 4 2 1 1 0 0 0 0 0 0 0 0 0 1 3 0 2 0 20 2 0 7 448 413 408 398 384 10 4 2 0 1 0 0 0 0 1 1 1 1 1 1 2 20 25 8 3 2 1 0 0 0 1 2 7 60 2 0 0 0 0 48 1 0
2 0 1 1 0 1 4 2 3 0 1 16 2 0 19 769 4 1 0 0 1 1 4 0 3 3 5 2 0 2 2 0 6 3 2 2 1 1 1 1 13 10 8 2 0 0 1 1 2 16 2 1 0 5 33 3 5 3 2 371 367 1 4 1 1 0 0 0 0 0 0 0 0 0 1 1 17 11 3 2 1 0 0 1 2 3 50 0 0 0 4 5 9 47 2 1
0 0 0 0 0 0 2 1 2 0 12 2 1 0 4 12 758 1 0 1 2 7 0 1 4 4 6 3 1 3 3 1 7 4 3 5 0 2 24 19 4 3 1 3 1 0 0 1 2 9 1 0 4 30 1 2 4 2 1 2 2 353 3 2 1 1 1 0 0 0 0 0 0 0 0 0 0 15 6 3 2 0 0 2 3 4 0 43 2 0 3 0 1 22 10 1
0 0 0 0 0 0 0 0 1 1 9 1 0 3 0 10 23 731 0 2 3 8 1 2 5 5 7 4 2 4 4 2 234 225 214 205 202 30 4 3 2 0 0 0 2 0 0 1 2 5 0 3 3 25 0 1 3 1 0 1 1 57 285 2 2 0 2 1 1 1 1 2 0 1 0 0 0 0 13 1 0 0 0 0 1 20 34 2 1 0 2 0 1 4 14 7
0 2 1 14 12 1 0 0 0 1 6 0 2 0 9 22 1 0 726 715 4 9 2 3 6 6 8 5 3 331 246 240 1 0 1 1 2 163 2 1 0 0 1 0 0 0 0 1 3 0 2 2 9 11 2 0 2 0 0 0 0 55 1 279 5 0 5 0 2 2 2 3 1 3 1 1 0 0 0 11 1 0 0 2 5 17 9 2 1 0 1 0 1 1 10 2
2 25 19 3 1 8 7 4 0 4 0 1 2 7 18 2 0 1 9 4 701 400 396 394 388 378 367 345 340 3 78 75 0 0 0 0 1 1 157 8 7 6 3 2 1 0 0 0 1 1 1 1 6 9 0 1 1 0 1 2 51 2 0 3 268 115 108 106 102 99 85 80 71 15 8 5 3 1 0 8 1 0 0 1 1 8 6 1 1 0 0 0 0 1 2 4
31 2 1 0 0 0 1 1 1 3 0 1 3 3 13 1 0 2 3 3 288 0 0 0 1 2 2 2 3 2 1 71 1 0 0 0 0 1 5 139 8 7 5 3 1 0 0 0 0 0 0 1 3 6 1 0 0 0 1 5 41 1 0 1 2 148 1 0 1 9 0 0 0 54 42 1 0 0 0 0 4 2 0 0 1 5 4 0 0 0 0 0 0 0 0 2
37 1 0 0 0 0 0 0 0 2 0 2 2 3 8 0 1 2 2 1 282 2 1 0 0 1 1 1 2 1 0 5 64 2 0 0 0 0 4 129 1 0 0 0 0 0 1 0 0 0 0 0 1 2 2 0 0 1 2 11 28 0 0 0 0 145 1 0 0 0 7 3 2 3 3 39 3 1 0 1 0 0 1 0 1 2 2 0 0 0 0 2 0 0 0 0
66 63 3 1 1 0 0 0 0 0 1 1 2 5 1 0 1 1 0 0 1 279 1 0 0 0 0 0 1 0 1 2 50 9 2 0 0 0 2 126 0 0 0 0 0 1 2 1 2 0 0 0 0 1 0 0 1 4 8 1 25 1 0 1 2 136 2 1 0 0 1 2 1 2 2 16 17 6 4 1 0 0 0 0 0 0 0 0 0 1 2 3 2 3 1 0
0 1 58 53 3 1 1 0 0 0 0 1 3 0 0 0 0 0 1 2 3 276 2 1 0 0 2 1 0 0 1 4 1 42 5 2 0 0 1 118 3 1 0 1 1 2 3 26 20 18 15 10 1 0 0 0 1 2 0 2 21 0 0 1 2 135 1 0 0 0 0 1 0 1 1 2 12 9 3 2 1 0 0 0 0 0 0 0 0 1 2 7 7 1 0 0
0 0 1 1 46 4 1 1 1 0 0 0 1 0 1 0 0 0 1 2 103 2 161 3 1 5 1 0 0 0 0 2 0 4 36 1 0 0 1 1 113 99 4 2 2 46 38 8 5 3 0 2 7 4 0 0 1 0 1 0 20 0 0 1 2 123 2 1 1 0 0 0 0 0 0 1 4 6 4 2 0 1 1 1 1 1 1 0 1 3 2 11 11 0 1 0
1 0 0 0 7 32 7 4 1 0 0 0 1 0 1 4 1 3 4 96 2 1 1 154 9 2 1 0 0 0 0 0 1 1 5 29 0 0 0 1 5 4 93 88 84 9 6 1 1 0 2 1 1 1 0 0 0 4 5 15 1 0 1 2 3 60 57 51 1 1 2 0 0 0 0 0 2 2 2 0 0 0 2 4 2 4 0 0 2 3 4 27 3 2 0 1
2 1 0 0 0 4 23 16 2 1 0 0 0 3 4 5 11 12 86 3 1 0 0 1 141 3 2 1 1 0 0 0 0 1 2 25 1 0 0 0 3 3 3 2 21 1 1 5 0 0 0 0 0 0 0 0 2 1 3 4 0 2 3 4 5 53 1 2 46 8 4 3 1 0 0 0 0 1 0 0 0 0 1 8 10 1 0 0 1 2 4 37 2 1 0 0
32 2 1 0 0 2 2 2 12 3 1 0 0 1 2 3 4 5 72 1 0 0 0 0 136 4 3 2 1 1 0 0 0 1 1 4 17 1 0 0 1 2 2 1 16 3 0 0 4 3 2 1 0 0 0 0 0 0 1 1 1 0 1 2 49 2 0 1 1 32 6 5 4 2 0 0 0 0 0 0 0 1 1 22 3 2 0 0 0 1 3 46 2 1 0 0
19 8 5 1 0 1 1 1 2 4 2 0 0 1 2 3 4 5 57 1 0 0 1 4 45 78 74 5 2 1 2 0 0 0 1 1 6 7 1 0 0 1 1 0 15 0 1 0 0 0 0 0 1 1 0 0 0 0 0 0 0 1 2 3 45 0 0 0 0 3 20 6 5 4 3 1 0 0 0 1 1 1 2 29 2 1 0 0 1 2 5 54 2 1 0 0
14 0 1 2 0 0 0 0 0 0 0 0 0 1 2 3 4 52 1 1 0 0 1 42 1 2 1 65 9 6 2 1 0 0 0 0 1 2 4 2 0 0 0 0 14 2 1 0 0 2 1 1 2 2 1 2 0 0 0 1 2 3 4 10 24 4 1 0 0 1 7 4 2 1 0 1 0 0 1 1 2 2 5 35 1 0 0 0 1 2 3 68 1 0 0 2
5 4 1 0 0 0 0 0 0 0 0 0 0 1 2 3 4 41 1 0 0 0 37 3 0 1 0 4 49 7 3 2 0 0 0 0 0 0 0 0 0 1 2 4 3 0 0 0 0 4 2 2 3 3 2 4 1 0 0 1 2 3 4 5 13 3 1 0 0 2 2 0 0 0 2 0 1 1 2 0 2 3 9 38 1 0 0 1 1 2 3 4 71 0 1 3
2 1 1 0 0 0 2 1 2 0 0 1 1 2 0 1 31 4 1 0 0 1 35 1 0 0 0 2 40 0 2 1 0 0 2 10 4 3 2 1 0 0 0 1 0 0 1 1 1 6 3 3 8 3 11 5 2 0 0 1 2 3 4 4 2 4 2 0 0 0 0 0 0 0 4 3 0 0 2 3 1 3 53 1 0 0 0 1 2 0 0 0 77 1 194 191
0 0 0 0 0 1 4 5 1 0 1 2 0 0 4 7 20 1 1 0 0 3 26 1 0 0 1 6 26 4 2 0 0 0 0 11 0 0 0 0 0 0 0 0 1 0 0 2 2 9 4 4 35 21 6 3 1 0 0 0 0 0 1 1 1 2 0 0 0 0 0 0 0 1 6 5 0 0 1 3 8 2 60 3 2 0 0 1 5 0 1 1 290 210 5 1
0 0 0 0 0 1 7 8 1 0 0 5 1 0 1 5 11 1 0 0 1 3 17 3 0 0 1 3 24 0 0 0 0 0 1 13 2 1 0 2 1 0 0 0 1 2 1 1 3 17 52 41 3 1 1 1 0 0 0 1 1 1 0 0 0 0 0 0 1 1 0 1 1 1 15 1 1 0 0 2 3 9 68 1 0 0 0 1 2 6 3 297 2 0 6 4
1 1 0 0 1 1 10 11 1 0 0 7 2 0 0 3 8 1 0 0 2 1 14 1 0 0 1 0 23 4 2 0 0 1 1 18 3 2 4 4 1 1 0 0 1 2 6 2 2 74 1 0 0 0 0 0 0 0 2 4 4 3 0 0 0 0 0 0 3 2 1 0 2 2 20 2 0 1 0 1 2 4 81 1 0 0 1 1 2 13 316 2 0 0 1 3
2 1 0 0 2 2 25 2 0 1 0 9 4 0 0 1 1 5 0 1 0 1 10 0 0 0 2 9 5 1 0 0 0 1 2 22 4 19 10 4 3 0 0 1 2 2 0 8 12 79 1 0 0 0 0 1 0 0 0 0 6 9 2 1 1 0 0 1 1 9 0 0 1 5 30 3 1 2 1 0 0 8 86 1 0 0 1 2 2 335 1 10 1 0 0 2
5 2 0 0 1 3 32 1 0 0 2 11 8 1 0 0 0 1 2 0 0 0 9 1 0 0 1 3 3 0 0 0 0 1 2 0 48 0 0 2 1 0 0 1 2 3 3 0 0 94 0 0 2 6 4 1 0 0 1 1 0 17 5 2 1 0 0 1 2 12 2 0 0 0 0 35 2 3 2 1 0 97 1 0 0 0 1 2 348 2 1 0 9 1 0 0
1 0 0 0 1 2 39 1 0 0 1 24 1 0 0 0 1 0 0 1 0 2 1 0 0 0 0 1 1 0 0 0 1 1 2 4 50 1 6 2 1 0 0 1 2 6 11 4 102 0 0 4 10 2 1 0 0 0 2 2 2 1 27 2 1 0 0 1 2 16 3 1 1 0 1 37 3 0 7 2 1 100 0 1 0 0 3 355 2 2 1 0 2 3 1 0
0 1 0 0 1 2 45 1 0 1 2 36 8 7 5 3 0 1 0 0 0 0 0 0 1 0 0 0 0 0 0 2 4 7 10 70 2 10 2 1 0 0 0 1 2 3 4 17 124 1 21 15 3 2 1 0 0 1 0 4 8 12 33 2 0 1 0 1 2 20 4 2 2 1 0 40 0 5 1380 1371 1360 1353 1 2 1 368 366 3 1 1 1 0 0 0 0 0
0 2 1 0 0 2 49 2 1 46 43 2 1 0 0 0 3 0 1 0 0 0 0 1 1 4 1 0 0 0 0 1 2 3 4 76 14 0 1 0 1 1 0 0 1 0 0 0 126 34 11 3 2 1 0 0 0 1 2 0 1 2 50 1 0 0 3 0 2 3 21 8 3 2 1 0 1434 1391 1 2 3 3 1249 1246 372 0 0 0 0 0 0 0 0 0 0 1
1 3 2 1 0 1 53 88 82 34 33 29 21 12 10 8 3 2 0 0 0 1 3 1 2 9 1 1 0 1 0 1 2 3 4 82 16 2 0 0 4 1 0 0 1 2 1 1 167 2 1 6 4 2 1 0 0 3 0 3 0 1 58 1 0 0 5 1 0 3 4 36 1487 1482 1475 1466 9 1 0 1 2 2 1 0 868 0 0 0 0 0 0 1 1 0 0 3
2 4 3 2 1 58 0 95 5 3 0 1 6 7 5 3 2 1 1 0 0 1 2 7 10 13 4 0 3 0 0 0 1 0 0 1 103 1 1 11 5 2 0 0 1 2 3 2 170 1 0 0 0 0 0 1 0 1 5 4 0 0 60 2 1 0 7 2 1 0 4 1527 1 2 4 20 4 3 0 0 1 1 0 1 2 863 4 2 0 1 1 2 3 0 1 4
17 13 7 0 0 0 158 1 0 0 2 0 3 1 0 0 0 0 3 1 0 0 1 2 3 29 6 4 1 1 0 0 1 4 6 7 106 4 16 3 2 0 0 0 1 4 8 16 173 1 0 0 0 0 0 3 0 1 8 5 1 0 0 64 2 0 9 3 1561 1546 1539 6 0 1 3 4 14 3 2 1 0 0 0 0 1 5 848 760 0 2 2 3 5 0 2 5
0 0 0 199 197 195 21 3 2 1 0 1 1 0 0 0 0 2 6 1 0 0 1 2 3 4 42 2 2 1 0 0 1 2 3 4 120 20 2 1 0 0 0 1 0 1 2 194 1 0 1 0 2 0 0 1 5 0 2 9 8 1 0 1 68 1 1599 1584 15 11 3 3 1 0 2 3 3 9 2 0 0 1 2 3 4 84 1 0 757 750 744 4 7 0 3 6
239 214 212 10 3 0 11 16 11 2 1 0 0 0 0 0 2 10 2 1 0 0 0 1 2 3 52 6 2 1 0 0 0 1 0 1 147 2 1 0 0 0 0 1 2 0 0 198 0 2 0 1 4 0 0 1 4 6 1 3 10 11 1 2 1676 1606 0 5 14 6 3 2 2 0 1 2 2 2 5 0 0 0 1 2 81 1 0 0 4 1 13 721 714 702 695 7
4 17 0 5 1 0 3 6 3 7 4 2 0 0 0 1 4 14 2 0 2 0 0 1 2 5 59 10 2 3 1 0 0 1 2 3 153 2 1 0 1 1 1 0 2 3 1 0 203 0 1 7 1 1 0 0 0 12 0 2 15 1713 1698 1692 10 1 0 4 13 2 2 2 1 1 0 1 1 1 3 0 0 1 2 3 76 0 0 1 1 0 12 5 2 1 2 682
3 11 4 1 2 0 2 4 0 2 1 0 0 0 2 4 7 20 3 1 4 0 0 0 1 0 1 73 9 1 0 0 1 0 3 4 169 2 1 0 0 4 2 0 1 7 0 3 204 1 2 8 4 0 1 1 0 1 14 3 1731 0 1 3 2 6 0 3 9 2 1 1 1 0 0 0 0 0 1 0 1 2 3 11 69 1 0 0 0 1 9 4 1 0 1 357
2 4 5 3 0 1 1 2 0 0 0 0 0 0 1 2 3 37 0 7 4 2 0 0 1 0 1 2 84 1 0 0 1 4 5 6 170 0 0 0 1 5 3 0 3 8 1 4 2054 1848 1841 14 0 1 2 2 1 1776 1773 1753 9 2 0 2 1 4 0 2 2 5 1 0 0 0 0 0 0 0 0 0 1 3 6 2 9 43 1 0 0 0 7 3 0 0 1 4
1 3 4 1 0 0 0 0 0 0 0 0 0 1 2 3 4 43 9 5 1 0 0 0 1 4 5 6 90 1 0 0 1 0 0 1 180 2 0 1 2 6 4 0 2091 2085 2073 2062 3 3 3 1818 1814 1809 1803 1796 1789 5 3 6 2 2 1 1 0 2 0 1 1 3 0 0 0 0 1 2 1 0 0 0 0 1 1 2 5 13 26 1 0 0 5 1 0 0 0 0
0 2 2 0 0 0 0 0 0 1 1 1 1 0 0 2 3 4 68 2 2 1 0 0 1 2 3 4 100 1 0 0 1 2 1 0 0 184 1 2 3 7 5 2096 0 1 2 2 2 2 2 2 2 2 2 2 3 4 2 0 4 1 1 0 0 0 0 0 0 1 0 0 0 1 6 2 1 0 1 0 0 0 1 1 2 12 21 1 0 2 1 0 0 1 2 3
0 1 0 0 0 0 2 1 3 0 2 2 3 0 0 0 1 2 72 6 2 1 0 0 0 2 3 4 113 1 0 0 1 2 3 2 1 186 3076 2126 2122 2117 2101 1 1 0 1 1 1 1 1 1 1 1 1 1 2 1 1 1 1 1 0 0 0 0 0 0 0 0 0 0 1 1 14 2 1 0 3 0 0 0 0 1 2 8 18 1 0 1 0 0 1 0 1 159
0 0 0 0 1 1 4 2 5 0 0 6 5 0 0 0 1 2 83 0 2 1 1 0 0 0 1 2 3 117 0 0 1 2 10 0 192 3079 1 946 0 0 0 0 0 0 0 0 0 0 0 0 0 0 0 0 0 0 0 0 0 0 0 0 0 3 1 2 0 0 0 2 0 2 15 5 0 1 7 1 0 0 0 1 1 5 14 2 0 0 0 0 1 4 5 156
