Threshold= -0.625812906453
Rfp= 0.222498962225
Rtp= 0.840831161706
object function=0.381667800519
auc=0.888772547964
calibretion area=16.3694353963